0.999997739675653 0.9953706339255 0.4693673650792963 0.007382911806605005 0.001353569432408338 0.0009674880311019864 0.0004964858944048269 0.0005692164198003539 0.00045999945136130976 0.0013243283455704267 0.0018130452790290062 0.0029872436970227213 0.0037540125450753925 0.009500887193137582 0.014050165512105917 0.2541152098234531 0.23591387317557183 0.13845236921033988 0.016576688856852064 0.009440455877900732 0.011487298472987998 0.005569526599778401 0.0055684069636582215 0.0020572441907265623 0.0038021493879837045 0.00905336992790698 0.0029533294348171586 0.003267306868604458 0.007581059832054932 0.005580751821494915 0.0015025083931585795 0.00254126138139606 0.0033424794710957264 0.0017746794285400918 0.0009668727775094032 0.001431249089285517 0.000785669286629505 0.0006429814670944192 0.001000194685124895 0.0005548771831348617 0.0003706697657534827 0.000641177015563912 0.0011075836085418856 0.0007151596159159636 0.0010746589120263319 0.0016289348269826539 0.0009451637664131794 0.0007377568216426504 0.0012957533179221113 0.0011129657672088497 0.0012290710006482883 0.001321819608642515 0.0004649614237944707 0.0003931690607039765 5.792648242237253e-05 2.722984059978674e-05 0.0002920550323242603 0.00047937100155469233 0.0008368437279584824 0.0008246252046907642 0.00021212527194719807 0.0099829980744302 0.20570589344621362 0.04279148455104978 0.005403937937029512 0.005780966274175393 0.004067829183881047 0.003839658312883627 0.001912103095825313 0.001185048949701665 0.00016777943766255337 7.777461505316132e-05 0.0002547951532279718 0.00040947933166285243 8.836599078646089e-05 8.753060689467779e-05 
0.9953706339255 0.999997739675653 0.9954614691715203 0.34319319929678194 0.006922846332641752 0.0011348199202083178 0.000962476806146201 0.0003533361113353945 0.0004129546464467778 0.001602115191592049 0.0016507300762065855 0.0035212192140067385 0.004517216858296047 0.13340169990303155 0.27048043005974853 0.3861146695323673 0.18160714152892035 0.030237055420218293 0.011559041886906174 0.0058338625424553285 0.005061868452587912 0.0020497669571188765 0.0028923281642458014 0.0016681901371471506 0.001549723765691925 0.001954209441836579 0.0007506740433829527 0.0020678469947941988 0.005126723284975024 0.0039372673908490185 0.001390509045629009 0.002614944963607598 0.0038347527564693055 0.001731068529895151 0.000940051409650325 0.0004822710126087166 0.00036640791143524397 0.00018050132056593508 0.0009613102898055202 0.000615705265933788 0.0004251316633014818 0.0003036737738688241 0.00011256668793604222 0.00021663133753987092 0.000510150618635978 0.0018558759445617076 0.0008050485183680285 0.00021523230029189683 0.0007195837618879622 0.00011486770819826573 0.00046508063129665415 0.0008798390100043605 0.0007096867847418717 0.00034360462857106945 8.7040098021175e-05 0.00012148521732003934 0.0007438885664706897 0.0002116951786444387 0.0007495397914971778 0.0009104769410952592 0.000770049616008628 0.0022809645436792274 0.1889204918732915 0.2045096902135085 0.01487740860523777 0.007476724538317006 0.002186979221261269 0.0024203886144227547 0.0010157608494939581 0.0007251411185646121 0.00023948200781092252 8.311581738289272e-06 0.00011776733314867398 0.00046870690682853863 0.00035682632817344006 0.00044532986386925896 
0.4693673650792963 0.9954614691715203 0.999997739675653 0.9952251864765214 0.38265126448732295 0.013706793551905792 0.0038026678538556355 0.0015178201936944596 0.000754710700565685 0.001542241041333938 0.0017315752348775447 0.005311275729490134 0.011057830241383364 0.30622041083553203 0.3213577229062312 0.20479343036512998 0.05404209205579102 0.008991755475367767 0.007762734154939034 0.003232686214503394 0.0022545827689635367 0.0010963269343559122 0.001455506456789617 0.0011585846039392732 0.0006502412354285762 8.257355353047289e-05 0.000328079551036435 0.0016625001991034858 0.00393259466856 0.003580699100394794 0.0022013709987369124 0.005215461285940545 0.0066476691673296165 0.0025328993516202693 0.0006684479108380387 0.00020743541206336808 0.00027336436996256206 0.0003564963172840645 0.0009691900895984196 0.000551156946373355 0.0002521102645250633 0.00032135495043514827 0.0006171530228618 0.0005256355664108477 0.0005116975130661608 0.0016403402416491234 0.0008561733587433667 0.00018006800613910515 0.0007834067741308424 0.0007079282487184807 0.0004689995943210547 0.000757093373970782 0.0006459526343753457 7.039597736231305e-05 4.477903529173504e-05 5.612873965064423e-05 0.00025052329931983666 4.7959481143115285e-05 0.000509406267577024 0.0010859070349750627 0.0015725926084544117 0.00738684766960272 0.18507573057741145 0.3432823782150561 0.25730916258557607 0.18622904177954488 0.01542464935445419 0.0022939199455519134 0.0011886772993181657 0.0004888917877745206 0.00012481484588801366 3.2196556451483186e-05 0.00014872593972056013 6.118598076218916e-05 0.00012500775584822692 0.00030327321779105365 
0.007382911806605005 0.34319319929678194 0.9952251864765214 0.999997739675653 0.9953129706233016 0.5818254922396392 0.029538018964579513 0.0034579529345243045 0.002065208284110792 0.004526619387291808 0.005598406315808113 0.17396240616869516 0.3244399572881367 0.49436225338683526 0.23686338442681618 0.04798930099155969 0.006654555318768957 0.001626659048516768 0.0023233456413283464 0.0013183181494950482 0.0011143772540867952 0.0005290513501342264 0.0007125603746276198 0.0007134512495105217 0.0009266409550680805 0.00028881904400429516 0.001102077380597585 0.0024218347389862067 0.002240583501099407 0.002443465640065177 0.0017944097282305293 0.005373421364840263 0.0067659354608707685 0.0031718304192548835 0.0009421451857339621 0.0005548377505962943 0.0005236279663903472 0.00014069734512339393 0.0005726538323523927 0.0005198048606954345 0.00031907360989557085 0.00044298222163439993 0.0005385625111948195 0.000673173655635566 0.0010290247949235553 0.0006979337457722411 0.0004327860938755784 0.0003176544198709876 0.00027581159847086173 0.0006619398617934107 0.00036923346520472414 0.0003232991648663312 0.00016333449296572177 0.0002335800998709623 0.00030014690565169843 0.0002995535487653756 0.00023703579692365757 4.091925479761964e-05 0.00016109637499154287 0.0011988737077163669 0.0012409328458276602 0.0030781452239206507 0.013194571646940538 0.12024486065542424 0.13280383081899144 0.2835468238463017 0.10694146716112564 0.013589239761721416 0.0018440962279161403 0.0007193646618829432 0.00016728480567428978 0.00010409818617761157 0.00020045536993525543 0.00022639752816340486 0.00014270579323367164 0.0008012653995364342 
0.001353569432408338 0.006922846332641752 0.38265126448732295 0.9953129706233016 0.999997739675653 0.9951335214174196 0.5182137430822487 0.009056354716814418 0.004902131062706288 0.010062503289790116 0.012593272950255767 0.4093369912726794 0.3926709455811692 0.2675037949714965 0.03730758297328474 0.005871769819519429 0.0019552447286886286 0.00101097344326552 0.0013904775143972548 0.0009466141046066699 0.0007368360025936039 0.0004990584391043719 0.00017135253185433276 0.00024154618046266544 0.0006916774778905466 0.00012461811645372747 0.0008143222160492836 0.0019775801986867785 0.002553703283513335 0.0016077059664579194 0.0027998995177905286 0.008006117584587285 0.01131774193370949 0.006221997332037031 0.0022222556678643773 0.0010127165235990583 0.0008991139385441251 0.0008219663547626466 0.0007134804185936223 0.0004675900263695954 0.0008489166751256013 0.000667325187597157 0.0012633586872943469 0.0008767112030236686 0.0012023085430451085 0.0004056893508925468 0.0004591567312810016 0.00027946984131188297 0.0004242943941572567 0.0003428823139159258 0.0003189622004184103 0.00034565178532881737 0.0004925593874996161 0.00020968643947638836 0.0004408305011360452 0.0009731766597958133 0.0006078181483458107 6.685302794741186e-05 0.0005366113028012685 0.0013365594976025973 0.0020085788263788196 0.0028062210515719956 0.006590527774457016 0.018037401456805997 0.0324994586399128 0.25157256130175304 0.25291210554270194 0.1723157177242131 0.06384607911207109 0.006756625332136269 0.0012776482744102633 0.000502882151979355 0.00033628745323667644 0.0005651602559976916 0.0006733356113315708 0.000996211067038717 
0.0009674880311019864 0.0011348199202083178 0.013706793551905792 0.5818254922396392 0.9951335214174196 0.999997739675653 0.995278127882232 0.3528265189176499 0.0791471367897643 0.18727576926252515 0.30839674612495704 0.5929590492596505 0.2575082292397106 0.05511509075418129 0.005398280595554649 0.001946101880285969 0.00042150052685698404 0.0003389049010634922 0.0006746196221167796 0.0008335319920765058 0.00037182978017980965 0.00013428084485081498 0.0006335418052508856 0.0003425266577145401 0.00013598554244945166 0.0005849791521159282 0.0006849940279172063 0.0008946782361343477 0.002306985443186973 0.003914761603377576 0.0016827782800992934 0.0027308563760656177 0.006443831875590622 0.003742887739975358 0.0008570249333813349 0.0002695750533915964 0.0008186072401244279 0.0009945719907063452 0.000548834003537725 0.0002851953999480844 0.0010885835978004005 0.0005391655575908678 0.000934948198077819 0.0003920093297284016 0.00020400678466206618 9.850950119014379e-05 0.00022664874699689615 0.00022952178664432425 0.0003447640388784765 0.000253679445528349 0.0002483834669771972 0.0004611646456472684 9.10011457946041e-05 0.00024145277756917134 0.0005197516577221596 0.000782445527101663 0.0005336163869480165 0.00011573852294282588 0.00017170153968701523 0.0006098772044947269 0.00043203990972568996 0.0012630696986499392 0.0028468658454681647 0.004371756828647501 0.0030938721985024177 0.07075181855961214 0.09209240793627403 0.17602451020684556 0.10494544440921258 0.015446134036034356 0.0015710157525657415 0.0007191688537985077 0.00027519905296106067 0.00031664056926412524 0.0004361598680261553 0.0010122913757699367 
0.0004964858944048269 0.000962476806146201 0.0038026678538556355 0.029538018964579513 0.5182137430822487 0.995278127882232 0.999997739675653 0.9950598847589367 0.8484215367130322 0.6025400271232959 0.5412268370466997 0.42847122399224385 0.0289187387227936 0.0036336993441623056 0.0009188610836960541 0.0005828943646821707 0.00018650707132240134 9.396231018827123e-05 6.38714885423721e-05 0.00018188384995347553 6.958839997763615e-05 0.0001309157042302768 0.00036299124827952997 0.00022014333810285773 0.00014556843889157301 0.0006360466858972624 0.00046037700326478063 0.0007696170474744069 0.0011201573142810611 0.003685775740328959 0.0012282707346498792 0.0029350063617992516 0.00894186065087513 0.005998367320322626 0.0006667938103354285 2.000222840213783e-05 0.00029032513002064483 0.0007476047206718776 0.001268000086488456 0.0006796512153548406 0.002623226841888959 0.001397927345141336 0.0021528677842545764 0.0006245325192542038 0.00013858364825839503 8.97843519689692e-05 0.0005600704475242293 0.0004055008223817223 0.0005890127530026871 0.00011483355463592073 9.239808679412773e-05 0.0004517486641731971 0.0005140352336917795 0.00039796883771404744 0.0007150689949706482 0.0005189367753050776 0.000388461818133792 0.00022023637748905023 7.056533061807992e-05 0.0002267234668158654 0.0001327641485841102 0.0005246831825139663 0.0017327590577969469 0.0016443553948302697 0.0008028170323099837 0.006825475547734021 0.013282452623745092 0.10914797992979296 0.15096451882243025 0.07560604291376756 0.008014774675389863 0.003957736761788422 0.001719236332462176 0.0016223103409944385 0.0016053594097951546 0.0024701774357396506 
0.0005692164198003539 0.0003533361113353945 0.0015178201936944596 0.0034579529345243045 0.009056354716814418 0.3528265189176499 0.9950598847589367 0.999997739675653 0.9952531184195763 0.832181058196295 0.2365754803018352 0.06898455545234936 0.008789803189834666 0.0026131369640148474 0.0007571421064027589 0.00024767221245771976 5.2954640056931204e-05 3.77554515904608e-05 0.00031461883300024887 5.4360822427538745e-05 2.96023925203314e-05 1.0158804571110582e-05 0.00017351456666962606 0.00014437238629325629 0.0005944591751204725 0.0006438986953631626 0.000440351109390681 0.00047481087420297795 0.0006171181198889536 0.002775181545856986 0.0011838604489067958 0.0021783563610747246 0.006600715371552395 0.0073371114695273704 0.0017960476545567522 0.0005331874060477722 0.0005426810345619785 0.0006809432863761039 0.0011444210467566158 0.0013525347548709488 0.002301709263374625 0.0013882710117733557 0.0013334732315249361 0.0005143182303043246 0.00031523194219150214 0.0003083917123965006 0.00029180270689586825 0.00017646146999305466 0.0003979840409945628 0.0005779348858711971 0.0009197449802823577 0.001326045552444417 0.00038400694737888725 0.00031539013626724984 0.0006073625165079717 0.00039435654275719753 0.000268656633495489 0.0004928119700764193 0.00017000338043934534 0.00041128287950393356 7.350087703489254e-05 0.0007588916128493396 0.0013499817963443764 0.0009447145730635382 0.0008582756335917055 0.0025028102882576108 0.002488643230267905 0.016636824427958326 0.02708383158767764 0.04345972849831649 0.003746334731307131 0.007241174940140864 0.0033327135918601383 0.0035972449688035516 0.0035755444552412444 0.006725027640412098 
0.00045999945136130976 0.0004129546464467778 0.000754710700565685 0.002065208284110792 0.004902131062706288 0.0791471367897643 0.8484215367130322 0.9952531184195763 0.999997739675653 0.9957069997690331 0.8339307983900027 0.10583794941579265 0.008972194237058995 0.0019413280496602342 0.0003925684045643578 0.00041169972128951695 0.00032582355204082596 0.0002995940260178926 0.00013449095463544735 5.700433221820616e-06 2.8452250823225713e-05 0.00018798470065782696 0.00015899010160567496 0.0002855614099167155 0.0004642703818355297 0.0006865732032501461 0.00023608833450763212 0.00048215690389810315 0.0005093406031155618 0.002462193050859492 0.0009429707678344785 0.0018439079734012356 0.005458224981166456 0.0060439536863398854 0.0020647681693070465 0.0010942503174528476 0.001101447513660755 0.0005150142808843758 0.0012294877437160582 0.0017201159619729162 0.0013947731934954924 0.0010234095755221253 0.0007765464113299659 0.0003434016888849619 0.00014857533707541266 0.0002417737929168943 1.060863493841559e-05 1.6017598336352702e-05 7.308354898428025e-05 0.0002601458768141928 0.00035962644654451717 0.0005901289715950243 0.0005606191004689077 0.00047358467888419017 0.0005841391871550545 0.0001911707927314 5.298766946765068e-05 1.7595975901671306e-05 2.2601883567010053e-05 0.00015366132122027686 2.6685554719962255e-05 0.00044082183526790843 0.0009276100813422327 0.0007000001830259941 0.00015392924220415552 0.0006413672492363387 0.0005158511870646667 0.0034820532905282353 0.007837614988242555 0.016772617233589762 0.01010188512523629 0.005473617154195346 0.0031116788617613724 0.0033430833857402403 0.003668190533495515 0.006465892582543598 
0.0013243283455704267 0.001602115191592049 0.001542241041333938 0.004526619387291808 0.010062503289790116 0.18727576926252515 0.6025400271232959 0.832181058196295 0.9957069997690331 0.999997739675653 0.9956925744104796 0.5581876959236004 0.01855051715233665 0.0022651707762486894 0.00088483004322284 0.0005776657915272123 0.00029713671067734253 0.0002841424986037619 5.563706977849171e-05 2.773963034197438e-05 0.00013110371597109262 0.0006566671471969418 0.00040464186263757174 0.00032723398308791876 0.000394911307253748 0.000983236960652044 0.0004793482281502714 0.0005458833769653425 0.000766809355114867 0.0013665793247567663 0.0006522931945364843 0.0015356820768900443 0.00276249541007168 0.0009843702387922044 0.00033770069936087354 0.0009942328859625373 0.0011581143256559968 0.0008085324231102385 0.0007436453088888947 0.0010906100171889606 0.0008977365494917755 0.0009742768024802002 0.0004436734955521975 0.00040570747123215404 0.00015381825326059396 5.9971634312677374e-05 7.844952429012493e-05 0.00021410671825616257 0.00021766561344351674 0.00025126727006569784 0.00021628767484500877 0.0004001285530614621 0.00023668503408023366 0.0002409176581896116 4.920039451128895e-05 2.8458418988784427e-05 0.0003566725433386152 0.00013600465528629352 1.1320491569002322e-05 4.516343335953174e-05 3.977715050217917e-05 0.00020374384710031922 0.00037474958406734886 0.0013576408190866085 0.0005540071029100526 0.0014749196491825422 0.0007250644632302796 0.0020351878313846516 0.004681962732843729 0.005941491104459822 0.00405416782597409 0.0019576878046854017 0.0010121096663860706 0.0016601865549554346 0.0011789250238701378 0.002100068420909244 
0.0018130452790290062 0.0016507300762065855 0.0017315752348775447 0.005598406315808113 0.012593272950255767 0.30839674612495704 0.5412268370466997 0.2365754803018352 0.8339307983900027 0.9956925744104796 0.999997739675653 0.9953648983369168 0.4879991822326221 0.011215501978751569 0.0017016777808799158 0.0004992948350912753 0.0002526859590562977 0.0001697041599577949 0.00023291330774609584 0.0001471544204344194 0.0002491499083146466 0.00030954768588696953 0.0003163517168869478 0.0003921388299320835 0.0006335402590973161 0.0007379768731506641 0.0007791654364979204 0.0007190462340781308 0.00046298753215975093 0.0019846958325657155 0.0008792155549897096 0.0018426715546395458 0.0016473610201648817 8.914841528888841e-05 0.001017652359711654 0.0022603966999117852 0.0022561671106320035 0.0014792474068063364 0.0014389445296580556 0.0009354209269743637 0.0011588641287915526 0.0014914735232845384 0.0008176142693313154 0.00039187012618436493 0.00016016672760885785 5.855657904593663e-05 0.0002788897434933182 0.0002563528947519227 0.00029275247624124345 0.000294469658254789 0.0003064186339119264 0.000163743594486143 0.0003593304292236078 7.119840046214466e-05 0.00018386260252810946 3.8219123589665026e-05 0.00032275727398610086 1.4359645062672534e-05 1.2751592649729204e-06 0.00011806705919390433 0.0002864265157151134 0.0002252419445352545 0.0011182284397116197 0.00195859577972716 0.0006861581708524276 0.0011237721002543013 0.0006944472328872366 0.0042521627834544145 0.010013819651253026 0.008204173695333088 0.004441591595273122 0.0031239801285078833 0.001500572832254693 0.0018672589805000261 0.0019398391688906463 0.002156247040808733 
0.0029872436970227213 0.0035212192140067385 0.005311275729490134 0.17396240616869516 0.4093369912726794 0.5929590492596505 0.42847122399224385 0.06898455545234936 0.10583794941579265 0.5581876959236004 0.9953648983369168 0.999997739675653 0.9955024014718326 0.43483071967275355 0.01315492779415875 0.0006479072357109532 0.00044883159418819025 0.0006151985099787448 0.00021315555577945634 0.00023281660011976964 0.00033191156877096674 7.374836046854818e-05 0.0005617987280697255 0.0003407764156237664 0.0003102072826198293 0.0005775308503309934 0.0012265279049245516 0.0009001533257610182 0.00034014136582693143 0.0036559256872896505 0.002480611634809335 0.0036370680710801784 0.005478276005268405 0.0013842966281390607 0.0016434241160042903 0.002696619833416674 0.002164315844582324 0.00215276154037676 0.0014802659582362427 0.0006714644704015245 0.0008194212916788744 0.00048681179859846825 0.0004479801448310908 2.2008784135194242e-05 2.8438508504747493e-05 0.00020094522415884484 0.0002761351108911318 0.00013863388440428598 0.0002632502849844955 0.00024430990333348593 0.00026281628922751187 0.00012537674111319427 0.00025301646420337805 7.3293201577829105e-06 5.964270662660002e-05 7.938556386344792e-05 0.0003235317602689181 2.2684007763023265e-05 2.1144276362713177e-05 0.000400527623506055 0.0006014781400061961 0.001079418928835657 0.002336988400024601 0.0031194896416670585 0.0008547389222409732 0.0005695472019231222 0.002456377257430519 0.007841848741310803 0.012571611622556798 0.005016474253339162 0.0021825811125622463 0.0012002885022932704 0.0008824552364688213 0.000540323904362231 0.0008345375626555583 0.0008234808107598473 
0.0037540125450753925 0.004517216858296047 0.011057830241383364 0.3244399572881367 0.3926709455811692 0.2575082292397106 0.0289187387227936 0.008789803189834666 0.008972194237058995 0.01855051715233665 0.4879991822326221 0.9955024014718326 0.999997739675653 0.9954265442226387 0.48450449726107164 0.005033612204759079 0.0007509102426314301 0.00033466716431712596 0.0003131441753260264 0.0003232229017005876 0.0005347293039267107 8.898475721031303e-05 0.0007003858355461156 0.0007182272235329334 0.0008955672492700103 0.0008411950702880283 0.001801055915533912 0.0006365707758030188 0.0001528195410293473 0.004928614089234287 0.005667586400340005 0.008263644984857352 0.0033133410549102973 0.0021945378077599907 0.0045344404657478195 0.0036702778898879684 0.002459385066993441 0.0021339986971042816 0.0014003648131938303 0.0009961590329379292 0.0012220090567203687 0.0010102766497011508 0.0010503757802850548 0.00013009704216445744 0.00024786618839768137 0.00014143409656604158 0.0005075764751326216 0.0002457314973526095 0.0003015442036409954 8.27693430823992e-05 0.0002973603854974233 0.000723351851858705 0.001176390636094595 0.00010159691265951469 6.280835241184435e-05 0.00024044370511628116 0.00017317833998689323 0.00029314200727691023 0.00012547227716366618 0.00047863642091305967 0.000534624708180562 0.001261539797932784 0.0022987793934830495 0.0034536995941374243 0.0017301649994131254 0.004061144266549807 0.005447085970292018 0.00806322003335804 0.009811138084554067 0.0026229530449371065 0.001182944759870757 0.0009335112563960353 0.0008397611846338639 0.0008353894246558791 0.0013568754643698915 0.0013228967844190259 
0.009500887193137582 0.13340169990303155 0.30622041083553203 0.49436225338683526 0.2675037949714965 0.05511509075418129 0.0036336993441623056 0.0026131369640148474 0.0019413280496602342 0.0022651707762486894 0.011215501978751569 0.43483071967275355 0.9954265442226387 0.999997739675653 0.9954280056763372 0.32525742484458253 0.015177753093512398 0.0012303069650262146 0.0009236931227655704 0.000574719728421441 0.00039552977557254443 0.0002067702687794324 0.00166823448023799 0.0020811141589461178 0.001288385626342468 0.0026829467548756965 0.0031340695446025204 0.0033787108824142246 0.004754376675582802 0.014291095585122069 0.007267222299183002 0.006232787901239524 0.0005783144218580019 0.0016619597689588883 0.0035844528105525453 0.002660721226974116 0.0019141906212706077 0.001433666691939528 0.0012117412472696537 0.0004361557641235236 0.00041188560096618005 0.0006534428798036667 0.0011679610718058548 0.0003091587702975325 0.0003754123190318166 0.000339169235942188 0.0005161501992354424 4.788596673041125e-05 2.6401575697570975e-05 0.00021451349053096459 0.00024180254533456513 0.0007087914704692064 0.0007997823931864386 0.0001389073799432406 7.002435193274044e-05 0.0001252663405633948 0.0003056309988247567 0.00010013183285895171 9.404411181597772e-05 0.0009165201487878083 0.0006041179950551755 0.0012576104690567363 0.0037384916412736982 0.00943336579037569 0.003059744421815381 0.008938733196792984 0.006465470609975976 0.0048372381000533074 0.0017317470201154077 0.00041643943477530956 0.00010352052476079838 5.1538047043063835e-05 0.00010970225607850607 0.0004055542935496083 0.00035687176114495683 0.0011075690509471233 
0.014050165512105917 0.27048043005974853 0.3213577229062312 0.23686338442681618 0.03730758297328474 0.005398280595554649 0.0009188610836960541 0.0007571421064027589 0.0003925684045643578 0.00088483004322284 0.0017016777808799158 0.01315492779415875 0.48450449726107164 0.9954280056763372 0.999997739675653 0.9954998794483325 0.6289748498065967 0.007157974663597336 0.0007323311736071995 0.0008564427185312504 0.000200969671510638 0.0008701718312171257 0.005864132381364964 0.003837539958524872 0.002118329739087389 0.0071855924109892385 0.005314711486848061 0.009736133816037277 0.02604760237278743 0.015906114338540597 0.009761970752926017 0.009890924191979645 0.001269578435908901 0.0024313102011464974 0.0018577004900145009 0.0008214064959871102 0.001445633644920526 0.0010062955569559238 0.000942869897004484 0.0004309149141293124 0.00038547943390682083 0.0004052948652952336 0.0011376897797006206 0.00045439943727691755 0.0005345085989858011 0.0006473234260473637 0.00040199225425554614 5.132374469018036e-05 6.442035220564033e-05 6.8676290203963e-05 0.0002497353598308424 0.0010556368855493944 0.0018169764864606433 0.0005286853772730853 0.00021815545356648395 0.00033777604088144317 0.000733319954138567 0.00013879910327209836 8.763064611347667e-05 0.0005630326247595107 0.0010151753250885202 0.001192332422218013 0.005175045293771482 0.011184289692546591 0.003666747092073659 0.006408560341240356 0.004346040708105964 0.002343307376529192 0.00045165798207744904 0.0002422879734781868 5.558413267035465e-05 3.3058360988229917e-05 0.00045126251076560984 0.001309120038745898 0.0009962255439737496 0.0011415084370365943 
0.2541152098234531 0.3861146695323673 0.20479343036512998 0.04798930099155969 0.005871769819519429 0.001946101880285969 0.0005828943646821707 0.00024767221245771976 0.00041169972128951695 0.0005776657915272123 0.0004992948350912753 0.0006479072357109532 0.005033612204759079 0.32525742484458253 0.9954998794483325 0.999997739675653 0.995854120892526 0.23342282091964953 0.0027104124586892738 0.0028538608648690884 0.0004777686757948426 0.0021788732562628 0.011268779987648804 0.0031807407652731158 0.0008468805615138071 0.011003020370692713 0.006205865570007176 0.007662824606016211 0.0032507518917735713 0.004954185216822502 0.004824505097295218 0.004277371813801699 0.002997795060273902 0.002194623793240667 0.0011594178370001903 0.00034677446457609086 0.001008615084515807 0.0011787842707646132 0.0008454966310962156 0.0007332771274291924 0.0007814482824623067 0.000730432332062562 0.0006872522289529703 0.00011764858172870909 0.0006241983419206813 0.0009495275363366374 0.0004690231523233121 0.00016597482968964912 0.000305844747272564 0.00016737799367360026 0.00020270733315384725 0.0010395312784290565 0.0014118248709009758 0.0005240951901107282 0.0003173982604448284 0.00020657715405127415 0.00022525185511869996 0.0007629608836584898 0.0002963730384311907 0.0004671230719445584 0.0013351719527318314 0.0027731615676360667 0.010797788988233564 0.013955507691317925 0.005414039062503904 0.005349420256724487 0.003172455662695449 0.0015482918364912415 0.001194025348660674 0.0007406743324999305 0.0005076031956697475 0.0003784388298666665 0.0006229511111194594 0.0010085877102668393 0.0008793784641874856 0.0011409769466901253 
0.23591387317557183 0.18160714152892035 0.05404209205579102 0.006654555318768957 0.0019552447286886286 0.00042150052685698404 0.00018650707132240134 5.2954640056931204e-05 0.00032582355204082596 0.00029713671067734253 0.0002526859590562977 0.00044883159418819025 0.0007509102426314301 0.015177753093512398 0.6289748498065967 0.995854120892526 0.999997739675653 0.9955769650653628 0.4289470448872885 0.0810465320238562 0.18681913729189714 0.03608118549397853 0.036752232780091224 0.00821862319311309 0.0029438027614826605 0.04196033189029339 0.010133861469615604 0.008206852357405205 0.0031676505266806983 0.002599434761975727 0.0022654529679605176 0.00310325853196619 0.0015553511741156585 0.001484117625913067 0.0011305675246376147 0.0006816147611849159 0.0006177309059508036 0.0008763690010621207 0.0005056545851799626 0.0001765152905919975 0.0005998651007333558 0.0011039064307735297 0.0007752078496544896 0.00047599859227947735 0.0006519304029377291 0.0007575462906356022 0.0004529509952959476 0.00025809886387253325 0.0005686289579444234 0.00047305261654016843 0.0003069855793108512 0.0011560003790675186 0.0022169758120330124 0.0009772262420561675 0.0015072931977301166 0.0016236087015990366 0.0022489182610457162 0.001574371486916479 0.0013657766696231982 0.0012189813274966572 0.0019508186896377991 0.003266730670443616 0.017834305635282474 0.013683752369335885 0.0031832396476573275 0.002736911563179276 0.001877335563480867 0.0004520665051985702 0.0005809792724349097 0.0005626936805951143 0.00023094469139619463 0.00021364492731819495 0.00014055711742743445 0.0005388671361107113 0.0005074962085581464 0.0010379743480432543 
0.13845236921033988 0.030237055420218293 0.008991755475367767 0.001626659048516768 0.00101097344326552 0.0003389049010634922 9.396231018827123e-05 3.77554515904608e-05 0.0002995940260178926 0.0002841424986037619 0.0001697041599577949 0.0006151985099787448 0.00033466716431712596 0.0012303069650262146 0.007157974663597336 0.23342282091964953 0.9955769650653628 0.999997739675653 0.9953627456199421 0.8954649263646913 0.724452212590251 0.12205838038376841 0.03572945064461875 0.007689730122440691 0.016731842121976183 0.029660838520978793 0.004605910524136515 0.003504553133604493 0.0022856304524932107 0.0014560708272324757 0.0006832580037671515 0.0015319676907992444 0.0010102744209635722 0.0010344316243142996 0.00045262279140635724 0.0003870075023680515 0.0004162332828306125 0.0011834484357986245 0.00046472089840593716 0.00022993001486719145 0.00034479472759905636 0.0006969811668428059 0.0007007387710212528 0.0006174152872609973 0.0007040774257119552 0.0006485538280569203 0.00032171054463654957 0.0003871223667314899 0.0005030979510347621 0.000413874936312696 0.0008338930379680892 0.0019840431470275616 0.002451714475566459 0.0013379260764924412 0.006958912690067058 0.021381090286787037 0.011604981045137951 0.0021071610482499316 0.0021047504895418466 0.0016094825832614547 0.002848663147602078 0.005681021289486556 0.016851708644114203 0.0066775000172650395 0.0027966530215470468 0.0027355521782069635 0.0022267642803013438 0.0009651812717269163 0.0010112406218676577 0.0006010276328387773 0.0001108427014392521 0.00023597422336894488 7.538301820376767e-05 6.189120073857899e-05 0.00031221911430632295 0.00047952695620216175 
0.016576688856852064 0.011559041886906174 0.007762734154939034 0.0023233456413283464 0.0013904775143972548 0.0006746196221167796 6.38714885423721e-05 0.00031461883300024887 0.00013449095463544735 5.563706977849171e-05 0.00023291330774609584 0.00021315555577945634 0.0003131441753260264 0.0009236931227655704 0.0007323311736071995 0.0027104124586892738 0.4289470448872885 0.9953627456199421 0.999997739675653 0.9954261172305315 0.8693831742390102 0.1342794797360843 0.033459623940504155 0.009251798172719303 0.022970205418293504 0.026281908138148978 0.004496839958102476 0.00417468750847044 0.004143671740979047 0.0015053418322858783 0.0007389104534593797 0.0005392407810663344 0.00043243619152067293 0.0004895467331646975 0.0004187987643563943 0.0009186778652193778 0.0007373102917765084 0.0012009574927074427 0.0010245594052037833 0.0009106652934344033 0.0008242484526801794 0.000918131133058195 0.0012708916092081354 0.0009060531753408466 0.0013633524769739891 0.0009298854516867324 0.0017215926395943806 0.000929145019991919 0.0009727964810575401 0.001235547993838153 0.001570201348723999 0.0032699004575942195 0.00363091802502209 0.0035160083281407044 0.13143020256374296 0.32708512521313193 0.2538711276152705 0.011163817669002844 0.0071410194538201275 0.012095568809053395 0.02688999435680046 0.03146883306882092 0.02601299935522616 0.007635095285800914 0.004946851074311225 0.003123477283385853 0.0027708597976591094 0.0008232604834218861 0.000269632353829446 0.00021126003552669005 0.0003836513767580784 0.0005115471061835931 0.000540812709239744 0.0007851122227178896 0.0005279934299954799 0.0004103532786955792 
0.009440455877900732 0.0058338625424553285 0.003232686214503394 0.0013183181494950482 0.0009466141046066699 0.0008335319920765058 0.00018188384995347553 5.4360822427538745e-05 5.700433221820616e-06 2.773963034197438e-05 0.0001471544204344194 0.00023281660011976964 0.0003232229017005876 0.000574719728421441 0.0008564427185312504 0.0028538608648690884 0.0810465320238562 0.8954649263646913 0.9954261172305315 0.999997739675653 0.9953897333813109 0.51020990499682 0.019563003138273315 0.010644328454631084 0.03166620709349184 0.016599939115646258 0.0028999437987018693 0.002229885363374596 0.0009090830983076631 0.0007230917558178169 0.0006352116405232553 0.0003823801366353672 0.0003492919519911511 0.0005359584963492174 0.0005329257346791027 0.0007159905957903781 0.0010417423193476141 0.0015983424086030784 0.0012728869514932798 0.0003662944548989545 0.000893777530940199 0.0014163890242259293 0.0021947749223675444 0.0011931511417820019 0.000888792211038853 0.0009842349809190006 0.0016549184480638055 0.0015309940663655412 0.0009600121514737506 0.0011484162949704794 0.002913038660619805 0.006765652625020544 0.009027988541691257 0.008546216081727499 0.2752302147148814 0.21296086739791886 0.16345168813519845 0.008003181365867243 0.004856824001855213 0.0038884116796422705 0.005746761042677567 0.004267641924671072 0.004025806865734633 0.0016762391373877652 0.0019696731330401483 0.0015742300011391721 0.0019009467877044385 0.0011800434470422999 0.0008258155215821347 0.00013931091952752055 8.816731776568026e-05 0.0004602080316148426 0.00029641635711529207 0.000137266268470507 0.0005967489080773438 0.0009590630720039211 
0.011487298472987998 0.005061868452587912 0.0022545827689635367 0.0011143772540867952 0.0007368360025936039 0.00037182978017980965 6.958839997763615e-05 2.96023925203314e-05 2.8452250823225713e-05 0.00013110371597109262 0.0002491499083146466 0.00033191156877096674 0.0005347293039267107 0.00039552977557254443 0.000200969671510638 0.0004777686757948426 0.18681913729189714 0.724452212590251 0.8693831742390102 0.9953897333813109 0.999997739675653 0.9956910292675182 0.4502409198937469 0.09061214753384152 0.3652625868396142 0.11696371097724127 0.008247301877011354 0.0034354000059096186 0.0001560417394873054 0.0005339759836735799 0.0007266965235640631 0.0007773295298777456 0.0009148440791909335 0.00048662123779476366 0.00039765754325552085 0.0006815814115275715 0.0006425081055988557 0.0010936779677491657 0.0009144563397335112 0.0005319936469733601 0.001043299085759505 0.0012883931035887375 0.0015067968985169556 0.0009332342131260239 0.0011875404471791832 0.0014728569833015453 0.0021344237705165072 0.0013917781100489933 0.0015877247214068815 0.0011015765630916477 0.0024736535379496685 0.00788198217403591 0.00924819983197536 0.009218042622216116 0.31334646384233317 0.18273124180506153 0.020123155405209724 0.003411802232888402 0.002606920722449462 0.0007330847323823605 0.0013284408791017512 0.0013494134618203869 0.003542160964116973 0.0022396172803509653 0.0008851769933477142 0.0012785000546351112 0.0011337440911920835 0.0016258783095669188 0.001002265949641863 0.0004950721450194438 0.00012199139819726572 0.0004628725859863651 6.023876404881636e-05 0.00031642919267347344 0.0009590132439888216 0.0007454846453367822 
0.005569526599778401 0.0020497669571188765 0.0010963269343559122 0.0005290513501342264 0.0004990584391043719 0.00013428084485081498 0.0001309157042302768 1.0158804571110582e-05 0.00018798470065782696 0.0006566671471969418 0.00030954768588696953 7.374836046854818e-05 8.898475721031303e-05 0.0002067702687794324 0.0008701718312171257 0.0021788732562628 0.03608118549397853 0.12205838038376841 0.1342794797360843 0.51020990499682 0.9956910292675182 0.999997739675653 0.9954442842667132 0.8839246972782228 0.7289997756705472 0.3148315751033503 0.02123175775190572 0.011579099166482126 0.001413771536076846 0.001822949989055346 0.001002569280916252 0.0011758381396906295 0.0011200138040560403 0.0006098344388306563 0.0004878174897908836 0.00047942454143268037 0.0004222482175937316 0.0014758083328536692 0.0008733337619762733 0.0008964471257670993 0.0010444953270881188 0.0012256759756191229 0.0018843541181634352 0.0025971153591100573 0.0026560264045743776 0.0024961009634007353 0.0028004805604274923 0.00290738503542392 0.004507613906081985 0.008569826508678106 0.014402266653586333 0.15775363434801293 0.2432219123617021 0.3106303325836695 0.4618254110814838 0.21404699505446 0.013572021810944551 0.004795457079141684 0.0007905248428058246 0.00034232842806856934 0.00014847145418778364 0.0007636010665630122 0.002349632572749928 0.0024628732042279665 0.0006953074224484607 0.0007685832187340066 0.0003339656693038907 0.0006748611742227256 0.0015703446089183261 0.0009217185534329188 0.0003369211710570456 0.0007269697638209056 0.0006443829749843992 0.0010775502200059044 0.0008716926332328333 0.0003468590244067383 
0.0055684069636582215 0.0028923281642458014 0.001455506456789617 0.0007125603746276198 0.00017135253185433276 0.0006335418052508856 0.00036299124827952997 0.00017351456666962606 0.00015899010160567496 0.00040464186263757174 0.0003163517168869478 0.0005617987280697255 0.0007003858355461156 0.00166823448023799 0.005864132381364964 0.011268779987648804 0.036752232780091224 0.03572945064461875 0.033459623940504155 0.019563003138273315 0.4502409198937469 0.9954442842667132 0.999997739675653 0.9951816943250607 0.8905472778053873 0.7512456233667869 0.32076454856133096 0.024431287373982563 0.02479164596087103 0.009444100444947165 0.0021227788850847265 0.0037214771925595156 0.002397461152238216 0.0012670071239865599 0.0005281152666996523 0.0009270817956021819 0.0014851876742878827 0.002607583073087534 0.003826741088216555 0.0025394364240675753 0.0025241548791808256 0.003876205295819376 0.0059007396903496614 0.005863055083738078 0.005201434564516397 0.004051452035835514 0.003914335797047579 0.0044074975134042625 0.011211210700385428 0.08024450620775744 0.12188738411579278 0.3661817271005685 0.2004283824440563 0.2218700506854209 0.3086980806584357 0.14341845650847673 0.00645708694843373 0.0034985914091907313 0.00015854053202846353 6.25010083037595e-05 2.3469582168078622e-05 0.0002426208612472577 0.002642026911349791 0.002882019873274096 0.0008680235993194569 0.0004386732717924737 3.274423953904778e-05 0.0003091504928077701 0.00159194654713926 0.0015522647996368787 0.0010196093851570663 0.0005538726095769225 0.00045212897233274643 0.0011539464643798895 0.0005060093998212114 0.0007092803022997502 
0.0020572441907265623 0.0016681901371471506 0.0011585846039392732 0.0007134512495105217 0.00024154618046266544 0.0003425266577145401 0.00022014333810285773 0.00014437238629325629 0.0002855614099167155 0.00032723398308791876 0.0003921388299320835 0.0003407764156237664 0.0007182272235329334 0.0020811141589461178 0.003837539958524872 0.0031807407652731158 0.00821862319311309 0.007689730122440691 0.009251798172719303 0.010644328454631084 0.09061214753384152 0.8839246972782228 0.9951816943250607 0.999997739675653 0.9952684867521849 0.8505203100142145 0.6559726454265273 0.2630439916965945 0.022859193569796755 0.019128795805902953 0.006151816845888225 0.0031139550276191455 0.0027465330324110064 0.001683667799410094 0.0018483171214833515 0.0017982942648024115 0.0034714690647196303 0.011544933826426 0.010004942458193833 0.006387427389297293 0.010220895443308401 0.011964922107072997 0.02293724972270153 0.009001040750906183 0.005381998810914323 0.0025520506142439336 0.003531147898484404 0.004308755608400195 0.009461158739168113 0.023024538688801614 0.04787851397159058 0.3529449416186437 0.1493882455683457 0.03020133254532017 0.02401514461888697 0.012933489205983858 0.0037156985369183955 0.00196516014336536 0.0008540446896227775 0.0009833981136996546 0.00031319763746475235 0.0009882586479064263 0.0014163191593982776 0.002334299771579252 0.0016092091038263678 0.001675871047774931 0.0008119618123925476 0.002229045996131402 0.0032673371107154146 0.002645068355264297 0.0020461393080509266 0.0009696748520278446 0.0007761618440130617 0.0011056077114896857 0.00028058033837990445 0.0010488019695234173 
