1 1 0.999997739675653
1 2 0.9953706339255
1 3 0.4693673650792963
1 4 0.007382911806605005
1 5 0.001353569432408338
1 6 0.0009674880311019864
1 7 0.0004964858944048269
1 8 0.0005692164198003539
1 9 0.00045999945136130976
1 10 0.0013243283455704267
1 11 0.0018130452790290062
1 12 0.0029872436970227213
1 13 0.0037540125450753925
1 14 0.009500887193137582
1 15 0.014050165512105917
1 16 0.2541152098234531
1 17 0.23591387317557183
1 18 0.13845236921033988
1 19 0.016576688856852064
1 20 0.009440455877900732
1 21 0.011487298472987998
1 22 0.005569526599778401
1 23 0.0055684069636582215
1 24 0.0020572441907265623
1 25 0.0038021493879837045
1 26 0.00905336992790698
1 27 0.0029533294348171586
1 28 0.003267306868604458
1 29 0.007581059832054932
1 30 0.005580751821494915
1 31 0.0015025083931585795
1 32 0.00254126138139606
1 33 0.0033424794710957264
1 34 0.0017746794285400918
1 35 0.0009668727775094032
1 36 0.001431249089285517
1 37 0.000785669286629505
1 38 0.0006429814670944192
1 39 0.001000194685124895
1 40 0.0005548771831348617
1 41 0.0003706697657534827
1 42 0.000641177015563912
1 43 0.0011075836085418856
1 44 0.0007151596159159636
1 45 0.0010746589120263319
1 46 0.0016289348269826539
1 47 0.0009451637664131794
1 48 0.0007377568216426504
1 49 0.0012957533179221113
1 50 0.0011129657672088497
1 51 0.0012290710006482883
1 52 0.001321819608642515
1 53 0.0004649614237944707
1 54 0.0003931690607039765
1 55 5.792648242237253e-05
1 56 2.722984059978674e-05
1 57 0.0002920550323242603
1 58 0.00047937100155469233
1 59 0.0008368437279584824
1 60 0.0008246252046907642
1 61 0.00021212527194719807
1 62 0.0099829980744302
1 63 0.20570589344621362
1 64 0.04279148455104978
1 65 0.005403937937029512
1 66 0.005780966274175393
1 67 0.004067829183881047
1 68 0.003839658312883627
1 69 0.001912103095825313
1 70 0.001185048949701665
1 71 0.00016777943766255337
1 72 7.777461505316132e-05
1 73 0.0002547951532279718
1 74 0.00040947933166285243
1 75 8.836599078646089e-05
1 76 8.753060689467779e-05
2 1 0.9953706339255
2 2 0.999997739675653
2 3 0.9954614691715203
2 4 0.34319319929678194
2 5 0.006922846332641752
2 6 0.0011348199202083178
2 7 0.000962476806146201
2 8 0.0003533361113353945
2 9 0.0004129546464467778
2 10 0.001602115191592049
2 11 0.0016507300762065855
2 12 0.0035212192140067385
2 13 0.004517216858296047
2 14 0.13340169990303155
2 15 0.27048043005974853
2 16 0.3861146695323673
2 17 0.18160714152892035
2 18 0.030237055420218293
2 19 0.011559041886906174
2 20 0.0058338625424553285
2 21 0.005061868452587912
2 22 0.0020497669571188765
2 23 0.0028923281642458014
2 24 0.0016681901371471506
2 25 0.001549723765691925
2 26 0.001954209441836579
2 27 0.0007506740433829527
2 28 0.0020678469947941988
2 29 0.005126723284975024
2 30 0.0039372673908490185
2 31 0.001390509045629009
2 32 0.002614944963607598
2 33 0.0038347527564693055
2 34 0.001731068529895151
2 35 0.000940051409650325
2 36 0.0004822710126087166
2 37 0.00036640791143524397
2 38 0.00018050132056593508
2 39 0.0009613102898055202
2 40 0.000615705265933788
2 41 0.0004251316633014818
2 42 0.0003036737738688241
2 43 0.00011256668793604222
2 44 0.00021663133753987092
2 45 0.000510150618635978
2 46 0.0018558759445617076
2 47 0.0008050485183680285
2 48 0.00021523230029189683
2 49 0.0007195837618879622
2 50 0.00011486770819826573
2 51 0.00046508063129665415
2 52 0.0008798390100043605
2 53 0.0007096867847418717
2 54 0.00034360462857106945
2 55 8.7040098021175e-05
2 56 0.00012148521732003934
2 57 0.0007438885664706897
2 58 0.0002116951786444387
2 59 0.0007495397914971778
2 60 0.0009104769410952592
2 61 0.000770049616008628
2 62 0.0022809645436792274
2 63 0.1889204918732915
2 64 0.2045096902135085
2 65 0.01487740860523777
2 66 0.007476724538317006
2 67 0.002186979221261269
2 68 0.0024203886144227547
2 69 0.0010157608494939581
2 70 0.0007251411185646121
2 71 0.00023948200781092252
2 72 8.311581738289272e-06
2 73 0.00011776733314867398
2 74 0.00046870690682853863
2 75 0.00035682632817344006
2 76 0.00044532986386925896
3 1 0.4693673650792963
3 2 0.9954614691715203
3 3 0.999997739675653
3 4 0.9952251864765214
3 5 0.38265126448732295
3 6 0.013706793551905792
3 7 0.0038026678538556355
3 8 0.0015178201936944596
3 9 0.000754710700565685
3 10 0.001542241041333938
3 11 0.0017315752348775447
3 12 0.005311275729490134
3 13 0.011057830241383364
3 14 0.30622041083553203
3 15 0.3213577229062312
3 16 0.20479343036512998
3 17 0.05404209205579102
3 18 0.008991755475367767
3 19 0.007762734154939034
3 20 0.003232686214503394
3 21 0.0022545827689635367
3 22 0.0010963269343559122
3 23 0.001455506456789617
3 24 0.0011585846039392732
3 25 0.0006502412354285762
3 26 8.257355353047289e-05
3 27 0.000328079551036435
3 28 0.0016625001991034858
3 29 0.00393259466856
3 30 0.003580699100394794
3 31 0.0022013709987369124
3 32 0.005215461285940545
3 33 0.0066476691673296165
3 34 0.0025328993516202693
3 35 0.0006684479108380387
3 36 0.00020743541206336808
3 37 0.00027336436996256206
3 38 0.0003564963172840645
3 39 0.0009691900895984196
3 40 0.000551156946373355
3 41 0.0002521102645250633
3 42 0.00032135495043514827
3 43 0.0006171530228618
3 44 0.0005256355664108477
3 45 0.0005116975130661608
3 46 0.0016403402416491234
3 47 0.0008561733587433667
3 48 0.00018006800613910515
3 49 0.0007834067741308424
3 50 0.0007079282487184807
3 51 0.0004689995943210547
3 52 0.000757093373970782
3 53 0.0006459526343753457
3 54 7.039597736231305e-05
3 55 4.477903529173504e-05
3 56 5.612873965064423e-05
3 57 0.00025052329931983666
3 58 4.7959481143115285e-05
3 59 0.000509406267577024
3 60 0.0010859070349750627
3 61 0.0015725926084544117
3 62 0.00738684766960272
3 63 0.18507573057741145
3 64 0.3432823782150561
3 65 0.25730916258557607
3 66 0.18622904177954488
3 67 0.01542464935445419
3 68 0.0022939199455519134
3 69 0.0011886772993181657
3 70 0.0004888917877745206
3 71 0.00012481484588801366
3 72 3.2196556451483186e-05
3 73 0.00014872593972056013
3 74 6.118598076218916e-05
3 75 0.00012500775584822692
3 76 0.00030327321779105365
4 1 0.007382911806605005
4 2 0.34319319929678194
4 3 0.9952251864765214
4 4 0.999997739675653
4 5 0.9953129706233016
4 6 0.5818254922396392
4 7 0.029538018964579513
4 8 0.0034579529345243045
4 9 0.002065208284110792
4 10 0.004526619387291808
4 11 0.005598406315808113
4 12 0.17396240616869516
4 13 0.3244399572881367
4 14 0.49436225338683526
4 15 0.23686338442681618
4 16 0.04798930099155969
4 17 0.006654555318768957
4 18 0.001626659048516768
4 19 0.0023233456413283464
4 20 0.0013183181494950482
4 21 0.0011143772540867952
4 22 0.0005290513501342264
4 23 0.0007125603746276198
4 24 0.0007134512495105217
4 25 0.0009266409550680805
4 26 0.00028881904400429516
4 27 0.001102077380597585
4 28 0.0024218347389862067
4 29 0.002240583501099407
4 30 0.002443465640065177
4 31 0.0017944097282305293
4 32 0.005373421364840263
4 33 0.0067659354608707685
4 34 0.0031718304192548835
4 35 0.0009421451857339621
4 36 0.0005548377505962943
4 37 0.0005236279663903472
4 38 0.00014069734512339393
4 39 0.0005726538323523927
4 40 0.0005198048606954345
4 41 0.00031907360989557085
4 42 0.00044298222163439993
4 43 0.0005385625111948195
4 44 0.000673173655635566
4 45 0.0010290247949235553
4 46 0.0006979337457722411
4 47 0.0004327860938755784
4 48 0.0003176544198709876
4 49 0.00027581159847086173
4 50 0.0006619398617934107
4 51 0.00036923346520472414
4 52 0.0003232991648663312
4 53 0.00016333449296572177
4 54 0.0002335800998709623
4 55 0.00030014690565169843
4 56 0.0002995535487653756
4 57 0.00023703579692365757
4 58 4.091925479761964e-05
4 59 0.00016109637499154287
4 60 0.0011988737077163669
4 61 0.0012409328458276602
4 62 0.0030781452239206507
4 63 0.013194571646940538
4 64 0.12024486065542424
4 65 0.13280383081899144
4 66 0.2835468238463017
4 67 0.10694146716112564
4 68 0.013589239761721416
4 69 0.0018440962279161403
4 70 0.0007193646618829432
4 71 0.00016728480567428978
4 72 0.00010409818617761157
4 73 0.00020045536993525543
4 74 0.00022639752816340486
4 75 0.00014270579323367164
4 76 0.0008012653995364342
5 1 0.001353569432408338
5 2 0.006922846332641752
5 3 0.38265126448732295
5 4 0.9953129706233016
5 5 0.999997739675653
5 6 0.9951335214174196
5 7 0.5182137430822487
5 8 0.009056354716814418
5 9 0.004902131062706288
5 10 0.010062503289790116
5 11 0.012593272950255767
5 12 0.4093369912726794
5 13 0.3926709455811692
5 14 0.2675037949714965
5 15 0.03730758297328474
5 16 0.005871769819519429
5 17 0.0019552447286886286
5 18 0.00101097344326552
5 19 0.0013904775143972548
5 20 0.0009466141046066699
5 21 0.0007368360025936039
5 22 0.0004990584391043719
5 23 0.00017135253185433276
5 24 0.00024154618046266544
5 25 0.0006916774778905466
5 26 0.00012461811645372747
5 27 0.0008143222160492836
5 28 0.0019775801986867785
5 29 0.002553703283513335
5 30 0.0016077059664579194
5 31 0.0027998995177905286
5 32 0.008006117584587285
5 33 0.01131774193370949
5 34 0.006221997332037031
5 35 0.0022222556678643773
5 36 0.0010127165235990583
5 37 0.0008991139385441251
5 38 0.0008219663547626466
5 39 0.0007134804185936223
5 40 0.0004675900263695954
5 41 0.0008489166751256013
5 42 0.000667325187597157
5 43 0.0012633586872943469
5 44 0.0008767112030236686
5 45 0.0012023085430451085
5 46 0.0004056893508925468
5 47 0.0004591567312810016
5 48 0.00027946984131188297
5 49 0.0004242943941572567
5 50 0.0003428823139159258
5 51 0.0003189622004184103
5 52 0.00034565178532881737
5 53 0.0004925593874996161
5 54 0.00020968643947638836
5 55 0.0004408305011360452
5 56 0.0009731766597958133
5 57 0.0006078181483458107
5 58 6.685302794741186e-05
5 59 0.0005366113028012685
5 60 0.0013365594976025973
5 61 0.0020085788263788196
5 62 0.0028062210515719956
5 63 0.006590527774457016
5 64 0.018037401456805997
5 65 0.0324994586399128
5 66 0.25157256130175304
5 67 0.25291210554270194
5 68 0.1723157177242131
5 69 0.06384607911207109
5 70 0.006756625332136269
5 71 0.0012776482744102633
5 72 0.000502882151979355
5 73 0.00033628745323667644
5 74 0.0005651602559976916
5 75 0.0006733356113315708
5 76 0.000996211067038717
6 1 0.0009674880311019864
6 2 0.0011348199202083178
6 3 0.013706793551905792
6 4 0.5818254922396392
6 5 0.9951335214174196
6 6 0.999997739675653
6 7 0.995278127882232
6 8 0.3528265189176499
6 9 0.0791471367897643
6 10 0.18727576926252515
6 11 0.30839674612495704
6 12 0.5929590492596505
6 13 0.2575082292397106
6 14 0.05511509075418129
6 15 0.005398280595554649
6 16 0.001946101880285969
6 17 0.00042150052685698404
6 18 0.0003389049010634922
6 19 0.0006746196221167796
6 20 0.0008335319920765058
6 21 0.00037182978017980965
6 22 0.00013428084485081498
6 23 0.0006335418052508856
6 24 0.0003425266577145401
6 25 0.00013598554244945166
6 26 0.0005849791521159282
6 27 0.0006849940279172063
6 28 0.0008946782361343477
6 29 0.002306985443186973
6 30 0.003914761603377576
6 31 0.0016827782800992934
6 32 0.0027308563760656177
6 33 0.006443831875590622
6 34 0.003742887739975358
6 35 0.0008570249333813349
6 36 0.0002695750533915964
6 37 0.0008186072401244279
6 38 0.0009945719907063452
6 39 0.000548834003537725
6 40 0.0002851953999480844
6 41 0.0010885835978004005
6 42 0.0005391655575908678
6 43 0.000934948198077819
6 44 0.0003920093297284016
6 45 0.00020400678466206618
6 46 9.850950119014379e-05
6 47 0.00022664874699689615
6 48 0.00022952178664432425
6 49 0.0003447640388784765
6 50 0.000253679445528349
6 51 0.0002483834669771972
6 52 0.0004611646456472684
6 53 9.10011457946041e-05
6 54 0.00024145277756917134
6 55 0.0005197516577221596
6 56 0.000782445527101663
6 57 0.0005336163869480165
6 58 0.00011573852294282588
6 59 0.00017170153968701523
6 60 0.0006098772044947269
6 61 0.00043203990972568996
6 62 0.0012630696986499392
6 63 0.0028468658454681647
6 64 0.004371756828647501
6 65 0.0030938721985024177
6 66 0.07075181855961214
6 67 0.09209240793627403
6 68 0.17602451020684556
6 69 0.10494544440921258
6 70 0.015446134036034356
6 71 0.0015710157525657415
6 72 0.0007191688537985077
6 73 0.00027519905296106067
6 74 0.00031664056926412524
6 75 0.0004361598680261553
6 76 0.0010122913757699367
7 1 0.0004964858944048269
7 2 0.000962476806146201
7 3 0.0038026678538556355
7 4 0.029538018964579513
7 5 0.5182137430822487
7 6 0.995278127882232
7 7 0.999997739675653
7 8 0.9950598847589367
7 9 0.8484215367130322
7 10 0.6025400271232959
7 11 0.5412268370466997
7 12 0.42847122399224385
7 13 0.0289187387227936
7 14 0.0036336993441623056
7 15 0.0009188610836960541
7 16 0.0005828943646821707
7 17 0.00018650707132240134
7 18 9.396231018827123e-05
7 19 6.38714885423721e-05
7 20 0.00018188384995347553
7 21 6.958839997763615e-05
7 22 0.0001309157042302768
7 23 0.00036299124827952997
7 24 0.00022014333810285773
7 25 0.00014556843889157301
7 26 0.0006360466858972624
7 27 0.00046037700326478063
7 28 0.0007696170474744069
7 29 0.0011201573142810611
7 30 0.003685775740328959
7 31 0.0012282707346498792
7 32 0.0029350063617992516
7 33 0.00894186065087513
7 34 0.005998367320322626
7 35 0.0006667938103354285
7 36 2.000222840213783e-05
7 37 0.00029032513002064483
7 38 0.0007476047206718776
7 39 0.001268000086488456
7 40 0.0006796512153548406
7 41 0.002623226841888959
7 42 0.001397927345141336
7 43 0.0021528677842545764
7 44 0.0006245325192542038
7 45 0.00013858364825839503
7 46 8.97843519689692e-05
7 47 0.0005600704475242293
7 48 0.0004055008223817223
7 49 0.0005890127530026871
7 50 0.00011483355463592073
7 51 9.239808679412773e-05
7 52 0.0004517486641731971
7 53 0.0005140352336917795
7 54 0.00039796883771404744
7 55 0.0007150689949706482
7 56 0.0005189367753050776
7 57 0.000388461818133792
7 58 0.00022023637748905023
7 59 7.056533061807992e-05
7 60 0.0002267234668158654
7 61 0.0001327641485841102
7 62 0.0005246831825139663
7 63 0.0017327590577969469
7 64 0.0016443553948302697
7 65 0.0008028170323099837
7 66 0.006825475547734021
7 67 0.013282452623745092
7 68 0.10914797992979296
7 69 0.15096451882243025
7 70 0.07560604291376756
7 71 0.008014774675389863
7 72 0.003957736761788422
7 73 0.001719236332462176
7 74 0.0016223103409944385
7 75 0.0016053594097951546
7 76 0.0024701774357396506
8 1 0.0005692164198003539
8 2 0.0003533361113353945
8 3 0.0015178201936944596
8 4 0.0034579529345243045
8 5 0.009056354716814418
8 6 0.3528265189176499
8 7 0.9950598847589367
8 8 0.999997739675653
8 9 0.9952531184195763
8 10 0.832181058196295
8 11 0.2365754803018352
8 12 0.06898455545234936
8 13 0.008789803189834666
8 14 0.0026131369640148474
8 15 0.0007571421064027589
8 16 0.00024767221245771976
8 17 5.2954640056931204e-05
8 18 3.77554515904608e-05
8 19 0.00031461883300024887
8 20 5.4360822427538745e-05
8 21 2.96023925203314e-05
8 22 1.0158804571110582e-05
8 23 0.00017351456666962606
8 24 0.00014437238629325629
8 25 0.0005944591751204725
8 26 0.0006438986953631626
8 27 0.000440351109390681
8 28 0.00047481087420297795
8 29 0.0006171181198889536
8 30 0.002775181545856986
8 31 0.0011838604489067958
8 32 0.0021783563610747246
8 33 0.006600715371552395
8 34 0.0073371114695273704
8 35 0.0017960476545567522
8 36 0.0005331874060477722
8 37 0.0005426810345619785
8 38 0.0006809432863761039
8 39 0.0011444210467566158
8 40 0.0013525347548709488
8 41 0.002301709263374625
8 42 0.0013882710117733557
8 43 0.0013334732315249361
8 44 0.0005143182303043246
8 45 0.00031523194219150214
8 46 0.0003083917123965006
8 47 0.00029180270689586825
8 48 0.00017646146999305466
8 49 0.0003979840409945628
8 50 0.0005779348858711971
8 51 0.0009197449802823577
8 52 0.001326045552444417
8 53 0.00038400694737888725
8 54 0.00031539013626724984
8 55 0.0006073625165079717
8 56 0.00039435654275719753
8 57 0.000268656633495489
8 58 0.0004928119700764193
8 59 0.00017000338043934534
8 60 0.00041128287950393356
8 61 7.350087703489254e-05
8 62 0.0007588916128493396
8 63 0.0013499817963443764
8 64 0.0009447145730635382
8 65 0.0008582756335917055
8 66 0.0025028102882576108
8 67 0.002488643230267905
8 68 0.016636824427958326
8 69 0.02708383158767764
8 70 0.04345972849831649
8 71 0.003746334731307131
8 72 0.007241174940140864
8 73 0.0033327135918601383
8 74 0.0035972449688035516
8 75 0.0035755444552412444
8 76 0.006725027640412098
9 1 0.00045999945136130976
9 2 0.0004129546464467778
9 3 0.000754710700565685
9 4 0.002065208284110792
9 5 0.004902131062706288
9 6 0.0791471367897643
9 7 0.8484215367130322
9 8 0.9952531184195763
9 9 0.999997739675653
9 10 0.9957069997690331
9 11 0.8339307983900027
9 12 0.10583794941579265
9 13 0.008972194237058995
9 14 0.0019413280496602342
9 15 0.0003925684045643578
9 16 0.00041169972128951695
9 17 0.00032582355204082596
9 18 0.0002995940260178926
9 19 0.00013449095463544735
9 20 5.700433221820616e-06
9 21 2.8452250823225713e-05
9 22 0.00018798470065782696
9 23 0.00015899010160567496
9 24 0.0002855614099167155
9 25 0.0004642703818355297
9 26 0.0006865732032501461
9 27 0.00023608833450763212
9 28 0.00048215690389810315
9 29 0.0005093406031155618
9 30 0.002462193050859492
9 31 0.0009429707678344785
9 32 0.0018439079734012356
9 33 0.005458224981166456
9 34 0.0060439536863398854
9 35 0.0020647681693070465
9 36 0.0010942503174528476
9 37 0.001101447513660755
9 38 0.0005150142808843758
9 39 0.0012294877437160582
9 40 0.0017201159619729162
9 41 0.0013947731934954924
9 42 0.0010234095755221253
9 43 0.0007765464113299659
9 44 0.0003434016888849619
9 45 0.00014857533707541266
9 46 0.0002417737929168943
9 47 1.060863493841559e-05
9 48 1.6017598336352702e-05
9 49 7.308354898428025e-05
9 50 0.0002601458768141928
9 51 0.00035962644654451717
9 52 0.0005901289715950243
9 53 0.0005606191004689077
9 54 0.00047358467888419017
9 55 0.0005841391871550545
9 56 0.0001911707927314
9 57 5.298766946765068e-05
9 58 1.7595975901671306e-05
9 59 2.2601883567010053e-05
9 60 0.00015366132122027686
9 61 2.6685554719962255e-05
9 62 0.00044082183526790843
9 63 0.0009276100813422327
9 64 0.0007000001830259941
9 65 0.00015392924220415552
9 66 0.0006413672492363387
9 67 0.0005158511870646667
9 68 0.0034820532905282353
9 69 0.007837614988242555
9 70 0.016772617233589762
9 71 0.01010188512523629
9 72 0.005473617154195346
9 73 0.0031116788617613724
9 74 0.0033430833857402403
9 75 0.003668190533495515
9 76 0.006465892582543598
10 1 0.0013243283455704267
10 2 0.001602115191592049
10 3 0.001542241041333938
10 4 0.004526619387291808
10 5 0.010062503289790116
10 6 0.18727576926252515
10 7 0.6025400271232959
10 8 0.832181058196295
10 9 0.9957069997690331
10 10 0.999997739675653
10 11 0.9956925744104796
10 12 0.5581876959236004
10 13 0.01855051715233665
10 14 0.0022651707762486894
10 15 0.00088483004322284
10 16 0.0005776657915272123
10 17 0.00029713671067734253
10 18 0.0002841424986037619
10 19 5.563706977849171e-05
10 20 2.773963034197438e-05
10 21 0.00013110371597109262
10 22 0.0006566671471969418
10 23 0.00040464186263757174
10 24 0.00032723398308791876
10 25 0.000394911307253748
10 26 0.000983236960652044
10 27 0.0004793482281502714
10 28 0.0005458833769653425
10 29 0.000766809355114867
10 30 0.0013665793247567663
10 31 0.0006522931945364843
10 32 0.0015356820768900443
10 33 0.00276249541007168
10 34 0.0009843702387922044
10 35 0.00033770069936087354
10 36 0.0009942328859625373
10 37 0.0011581143256559968
10 38 0.0008085324231102385
10 39 0.0007436453088888947
10 40 0.0010906100171889606
10 41 0.0008977365494917755
10 42 0.0009742768024802002
10 43 0.0004436734955521975
10 44 0.00040570747123215404
10 45 0.00015381825326059396
10 46 5.9971634312677374e-05
10 47 7.844952429012493e-05
10 48 0.00021410671825616257
10 49 0.00021766561344351674
10 50 0.00025126727006569784
10 51 0.00021628767484500877
10 52 0.0004001285530614621
10 53 0.00023668503408023366
10 54 0.0002409176581896116
10 55 4.920039451128895e-05
10 56 2.8458418988784427e-05
10 57 0.0003566725433386152
10 58 0.00013600465528629352
10 59 1.1320491569002322e-05
10 60 4.516343335953174e-05
10 61 3.977715050217917e-05
10 62 0.00020374384710031922
10 63 0.00037474958406734886
10 64 0.0013576408190866085
10 65 0.0005540071029100526
10 66 0.0014749196491825422
10 67 0.0007250644632302796
10 68 0.0020351878313846516
10 69 0.004681962732843729
10 70 0.005941491104459822
10 71 0.00405416782597409
10 72 0.0019576878046854017
10 73 0.0010121096663860706
10 74 0.0016601865549554346
10 75 0.0011789250238701378
10 76 0.002100068420909244
11 1 0.0018130452790290062
11 2 0.0016507300762065855
11 3 0.0017315752348775447
11 4 0.005598406315808113
11 5 0.012593272950255767
11 6 0.30839674612495704
11 7 0.5412268370466997
11 8 0.2365754803018352
11 9 0.8339307983900027
11 10 0.9956925744104796
11 11 0.999997739675653
11 12 0.9953648983369168
11 13 0.4879991822326221
11 14 0.011215501978751569
11 15 0.0017016777808799158
11 16 0.0004992948350912753
11 17 0.0002526859590562977
11 18 0.0001697041599577949
11 19 0.00023291330774609584
11 20 0.0001471544204344194
11 21 0.0002491499083146466
11 22 0.00030954768588696953
11 23 0.0003163517168869478
11 24 0.0003921388299320835
11 25 0.0006335402590973161
11 26 0.0007379768731506641
11 27 0.0007791654364979204
11 28 0.0007190462340781308
11 29 0.00046298753215975093
11 30 0.0019846958325657155
11 31 0.0008792155549897096
11 32 0.0018426715546395458
11 33 0.0016473610201648817
11 34 8.914841528888841e-05
11 35 0.001017652359711654
11 36 0.0022603966999117852
11 37 0.0022561671106320035
11 38 0.0014792474068063364
11 39 0.0014389445296580556
11 40 0.0009354209269743637
11 41 0.0011588641287915526
11 42 0.0014914735232845384
11 43 0.0008176142693313154
11 44 0.00039187012618436493
11 45 0.00016016672760885785
11 46 5.855657904593663e-05
11 47 0.0002788897434933182
11 48 0.0002563528947519227
11 49 0.00029275247624124345
11 50 0.000294469658254789
11 51 0.0003064186339119264
11 52 0.000163743594486143
11 53 0.0003593304292236078
11 54 7.119840046214466e-05
11 55 0.00018386260252810946
11 56 3.8219123589665026e-05
11 57 0.00032275727398610086
11 58 1.4359645062672534e-05
11 59 1.2751592649729204e-06
11 60 0.00011806705919390433
11 61 0.0002864265157151134
11 62 0.0002252419445352545
11 63 0.0011182284397116197
11 64 0.00195859577972716
11 65 0.0006861581708524276
11 66 0.0011237721002543013
11 67 0.0006944472328872366
11 68 0.0042521627834544145
11 69 0.010013819651253026
11 70 0.008204173695333088
11 71 0.004441591595273122
11 72 0.0031239801285078833
11 73 0.001500572832254693
11 74 0.0018672589805000261
11 75 0.0019398391688906463
11 76 0.002156247040808733
12 1 0.0029872436970227213
12 2 0.0035212192140067385
12 3 0.005311275729490134
12 4 0.17396240616869516
12 5 0.4093369912726794
12 6 0.5929590492596505
12 7 0.42847122399224385
12 8 0.06898455545234936
12 9 0.10583794941579265
12 10 0.5581876959236004
12 11 0.9953648983369168
12 12 0.999997739675653
12 13 0.9955024014718326
12 14 0.43483071967275355
12 15 0.01315492779415875
12 16 0.0006479072357109532
12 17 0.00044883159418819025
12 18 0.0006151985099787448
12 19 0.00021315555577945634
12 20 0.00023281660011976964
12 21 0.00033191156877096674
12 22 7.374836046854818e-05
12 23 0.0005617987280697255
12 24 0.0003407764156237664
12 25 0.0003102072826198293
12 26 0.0005775308503309934
12 27 0.0012265279049245516
12 28 0.0009001533257610182
12 29 0.00034014136582693143
12 30 0.0036559256872896505
12 31 0.002480611634809335
12 32 0.0036370680710801784
12 33 0.005478276005268405
12 34 0.0013842966281390607
12 35 0.0016434241160042903
12 36 0.002696619833416674
12 37 0.002164315844582324
12 38 0.00215276154037676
12 39 0.0014802659582362427
12 40 0.0006714644704015245
12 41 0.0008194212916788744
12 42 0.00048681179859846825
12 43 0.0004479801448310908
12 44 2.2008784135194242e-05
12 45 2.8438508504747493e-05
12 46 0.00020094522415884484
12 47 0.0002761351108911318
12 48 0.00013863388440428598
12 49 0.0002632502849844955
12 50 0.00024430990333348593
12 51 0.00026281628922751187
12 52 0.00012537674111319427
12 53 0.00025301646420337805
12 54 7.3293201577829105e-06
12 55 5.964270662660002e-05
12 56 7.938556386344792e-05
12 57 0.0003235317602689181
12 58 2.2684007763023265e-05
12 59 2.1144276362713177e-05
12 60 0.000400527623506055
12 61 0.0006014781400061961
12 62 0.001079418928835657
12 63 0.002336988400024601
12 64 0.0031194896416670585
12 65 0.0008547389222409732
12 66 0.0005695472019231222
12 67 0.002456377257430519
12 68 0.007841848741310803
12 69 0.012571611622556798
12 70 0.005016474253339162
12 71 0.0021825811125622463
12 72 0.0012002885022932704
12 73 0.0008824552364688213
12 74 0.000540323904362231
12 75 0.0008345375626555583
12 76 0.0008234808107598473
13 1 0.0037540125450753925
13 2 0.004517216858296047
13 3 0.011057830241383364
13 4 0.3244399572881367
13 5 0.3926709455811692
13 6 0.2575082292397106
13 7 0.0289187387227936
13 8 0.008789803189834666
13 9 0.008972194237058995
13 10 0.01855051715233665
13 11 0.4879991822326221
13 12 0.9955024014718326
13 13 0.999997739675653
13 14 0.9954265442226387
13 15 0.48450449726107164
13 16 0.005033612204759079
13 17 0.0007509102426314301
13 18 0.00033466716431712596
13 19 0.0003131441753260264
13 20 0.0003232229017005876
13 21 0.0005347293039267107
13 22 8.898475721031303e-05
13 23 0.0007003858355461156
13 24 0.0007182272235329334
13 25 0.0008955672492700103
13 26 0.0008411950702880283
13 27 0.001801055915533912
13 28 0.0006365707758030188
13 29 0.0001528195410293473
13 30 0.004928614089234287
13 31 0.005667586400340005
13 32 0.008263644984857352
13 33 0.0033133410549102973
13 34 0.0021945378077599907
13 35 0.0045344404657478195
13 36 0.0036702778898879684
13 37 0.002459385066993441
13 38 0.0021339986971042816
13 39 0.0014003648131938303
13 40 0.0009961590329379292
13 41 0.0012220090567203687
13 42 0.0010102766497011508
13 43 0.0010503757802850548
13 44 0.00013009704216445744
13 45 0.00024786618839768137
13 46 0.00014143409656604158
13 47 0.0005075764751326216
13 48 0.0002457314973526095
13 49 0.0003015442036409954
13 50 8.27693430823992e-05
13 51 0.0002973603854974233
13 52 0.000723351851858705
13 53 0.001176390636094595
13 54 0.00010159691265951469
13 55 6.280835241184435e-05
13 56 0.00024044370511628116
13 57 0.00017317833998689323
13 58 0.00029314200727691023
13 59 0.00012547227716366618
13 60 0.00047863642091305967
13 61 0.000534624708180562
13 62 0.001261539797932784
13 63 0.0022987793934830495
13 64 0.0034536995941374243
13 65 0.0017301649994131254
13 66 0.004061144266549807
13 67 0.005447085970292018
13 68 0.00806322003335804
13 69 0.009811138084554067
13 70 0.0026229530449371065
13 71 0.001182944759870757
13 72 0.0009335112563960353
13 73 0.0008397611846338639
13 74 0.0008353894246558791
13 75 0.0013568754643698915
13 76 0.0013228967844190259
14 1 0.009500887193137582
14 2 0.13340169990303155
14 3 0.30622041083553203
14 4 0.49436225338683526
14 5 0.2675037949714965
14 6 0.05511509075418129
14 7 0.0036336993441623056
14 8 0.0026131369640148474
14 9 0.0019413280496602342
14 10 0.0022651707762486894
14 11 0.011215501978751569
14 12 0.43483071967275355
14 13 0.9954265442226387
14 14 0.999997739675653
14 15 0.9954280056763372
14 16 0.32525742484458253
14 17 0.015177753093512398
14 18 0.0012303069650262146
14 19 0.0009236931227655704
14 20 0.000574719728421441
14 21 0.00039552977557254443
14 22 0.0002067702687794324
14 23 0.00166823448023799
14 24 0.0020811141589461178
14 25 0.001288385626342468
14 26 0.0026829467548756965
14 27 0.0031340695446025204
14 28 0.0033787108824142246
14 29 0.004754376675582802
14 30 0.014291095585122069
14 31 0.007267222299183002
14 32 0.006232787901239524
14 33 0.0005783144218580019
14 34 0.0016619597689588883
14 35 0.0035844528105525453
14 36 0.002660721226974116
14 37 0.0019141906212706077
14 38 0.001433666691939528
14 39 0.0012117412472696537
14 40 0.0004361557641235236
14 41 0.00041188560096618005
14 42 0.0006534428798036667
14 43 0.0011679610718058548
14 44 0.0003091587702975325
14 45 0.0003754123190318166
14 46 0.000339169235942188
14 47 0.0005161501992354424
14 48 4.788596673041125e-05
14 49 2.6401575697570975e-05
14 50 0.00021451349053096459
14 51 0.00024180254533456513
14 52 0.0007087914704692064
14 53 0.0007997823931864386
14 54 0.0001389073799432406
14 55 7.002435193274044e-05
14 56 0.0001252663405633948
14 57 0.0003056309988247567
14 58 0.00010013183285895171
14 59 9.404411181597772e-05
14 60 0.0009165201487878083
14 61 0.0006041179950551755
14 62 0.0012576104690567363
14 63 0.0037384916412736982
14 64 0.00943336579037569
14 65 0.003059744421815381
14 66 0.008938733196792984
14 67 0.006465470609975976
14 68 0.0048372381000533074
14 69 0.0017317470201154077
14 70 0.00041643943477530956
14 71 0.00010352052476079838
14 72 5.1538047043063835e-05
14 73 0.00010970225607850607
14 74 0.0004055542935496083
14 75 0.00035687176114495683
14 76 0.0011075690509471233
15 1 0.014050165512105917
15 2 0.27048043005974853
15 3 0.3213577229062312
15 4 0.23686338442681618
15 5 0.03730758297328474
15 6 0.005398280595554649
15 7 0.0009188610836960541
15 8 0.0007571421064027589
15 9 0.0003925684045643578
15 10 0.00088483004322284
15 11 0.0017016777808799158
15 12 0.01315492779415875
15 13 0.48450449726107164
15 14 0.9954280056763372
15 15 0.999997739675653
15 16 0.9954998794483325
15 17 0.6289748498065967
15 18 0.007157974663597336
15 19 0.0007323311736071995
15 20 0.0008564427185312504
15 21 0.000200969671510638
15 22 0.0008701718312171257
15 23 0.005864132381364964
15 24 0.003837539958524872
15 25 0.002118329739087389
15 26 0.0071855924109892385
15 27 0.005314711486848061
15 28 0.009736133816037277
15 29 0.02604760237278743
15 30 0.015906114338540597
15 31 0.009761970752926017
15 32 0.009890924191979645
15 33 0.001269578435908901
15 34 0.0024313102011464974
15 35 0.0018577004900145009
15 36 0.0008214064959871102
15 37 0.001445633644920526
15 38 0.0010062955569559238
15 39 0.000942869897004484
15 40 0.0004309149141293124
15 41 0.00038547943390682083
15 42 0.0004052948652952336
15 43 0.0011376897797006206
15 44 0.00045439943727691755
15 45 0.0005345085989858011
15 46 0.0006473234260473637
15 47 0.00040199225425554614
15 48 5.132374469018036e-05
15 49 6.442035220564033e-05
15 50 6.8676290203963e-05
15 51 0.0002497353598308424
15 52 0.0010556368855493944
15 53 0.0018169764864606433
15 54 0.0005286853772730853
15 55 0.00021815545356648395
15 56 0.00033777604088144317
15 57 0.000733319954138567
15 58 0.00013879910327209836
15 59 8.763064611347667e-05
15 60 0.0005630326247595107
15 61 0.0010151753250885202
15 62 0.001192332422218013
15 63 0.005175045293771482
15 64 0.011184289692546591
15 65 0.003666747092073659
15 66 0.006408560341240356
15 67 0.004346040708105964
15 68 0.002343307376529192
15 69 0.00045165798207744904
15 70 0.0002422879734781868
15 71 5.558413267035465e-05
15 72 3.3058360988229917e-05
15 73 0.00045126251076560984
15 74 0.001309120038745898
15 75 0.0009962255439737496
15 76 0.0011415084370365943
16 1 0.2541152098234531
16 2 0.3861146695323673
16 3 0.20479343036512998
16 4 0.04798930099155969
16 5 0.005871769819519429
16 6 0.001946101880285969
16 7 0.0005828943646821707
16 8 0.00024767221245771976
16 9 0.00041169972128951695
16 10 0.0005776657915272123
16 11 0.0004992948350912753
16 12 0.0006479072357109532
16 13 0.005033612204759079
16 14 0.32525742484458253
16 15 0.9954998794483325
16 16 0.999997739675653
16 17 0.995854120892526
16 18 0.23342282091964953
16 19 0.0027104124586892738
16 20 0.0028538608648690884
16 21 0.0004777686757948426
16 22 0.0021788732562628
16 23 0.011268779987648804
16 24 0.0031807407652731158
16 25 0.0008468805615138071
16 26 0.011003020370692713
16 27 0.006205865570007176
16 28 0.007662824606016211
16 29 0.0032507518917735713
16 30 0.004954185216822502
16 31 0.004824505097295218
16 32 0.004277371813801699
16 33 0.002997795060273902
16 34 0.002194623793240667
16 35 0.0011594178370001903
16 36 0.00034677446457609086
16 37 0.001008615084515807
16 38 0.0011787842707646132
16 39 0.0008454966310962156
16 40 0.0007332771274291924
16 41 0.0007814482824623067
16 42 0.000730432332062562
16 43 0.0006872522289529703
16 44 0.00011764858172870909
16 45 0.0006241983419206813
16 46 0.0009495275363366374
16 47 0.0004690231523233121
16 48 0.00016597482968964912
16 49 0.000305844747272564
16 50 0.00016737799367360026
16 51 0.00020270733315384725
16 52 0.0010395312784290565
16 53 0.0014118248709009758
16 54 0.0005240951901107282
16 55 0.0003173982604448284
16 56 0.00020657715405127415
16 57 0.00022525185511869996
16 58 0.0007629608836584898
16 59 0.0002963730384311907
16 60 0.0004671230719445584
16 61 0.0013351719527318314
16 62 0.0027731615676360667
16 63 0.010797788988233564
16 64 0.013955507691317925
16 65 0.005414039062503904
16 66 0.005349420256724487
16 67 0.003172455662695449
16 68 0.0015482918364912415
16 69 0.001194025348660674
16 70 0.0007406743324999305
16 71 0.0005076031956697475
16 72 0.0003784388298666665
16 73 0.0006229511111194594
16 74 0.0010085877102668393
16 75 0.0008793784641874856
16 76 0.0011409769466901253
17 1 0.23591387317557183
17 2 0.18160714152892035
17 3 0.05404209205579102
17 4 0.006654555318768957
17 5 0.0019552447286886286
17 6 0.00042150052685698404
17 7 0.00018650707132240134
17 8 5.2954640056931204e-05
17 9 0.00032582355204082596
17 10 0.00029713671067734253
17 11 0.0002526859590562977
17 12 0.00044883159418819025
17 13 0.0007509102426314301
17 14 0.015177753093512398
17 15 0.6289748498065967
17 16 0.995854120892526
17 17 0.999997739675653
17 18 0.9955769650653628
17 19 0.4289470448872885
17 20 0.0810465320238562
17 21 0.18681913729189714
17 22 0.03608118549397853
17 23 0.036752232780091224
17 24 0.00821862319311309
17 25 0.0029438027614826605
17 26 0.04196033189029339
17 27 0.010133861469615604
17 28 0.008206852357405205
17 29 0.0031676505266806983
17 30 0.002599434761975727
17 31 0.0022654529679605176
17 32 0.00310325853196619
17 33 0.0015553511741156585
17 34 0.001484117625913067
17 35 0.0011305675246376147
17 36 0.0006816147611849159
17 37 0.0006177309059508036
17 38 0.0008763690010621207
17 39 0.0005056545851799626
17 40 0.0001765152905919975
17 41 0.0005998651007333558
17 42 0.0011039064307735297
17 43 0.0007752078496544896
17 44 0.00047599859227947735
17 45 0.0006519304029377291
17 46 0.0007575462906356022
17 47 0.0004529509952959476
17 48 0.00025809886387253325
17 49 0.0005686289579444234
17 50 0.00047305261654016843
17 51 0.0003069855793108512
17 52 0.0011560003790675186
17 53 0.0022169758120330124
17 54 0.0009772262420561675
17 55 0.0015072931977301166
17 56 0.0016236087015990366
17 57 0.0022489182610457162
17 58 0.001574371486916479
17 59 0.0013657766696231982
17 60 0.0012189813274966572
17 61 0.0019508186896377991
17 62 0.003266730670443616
17 63 0.017834305635282474
17 64 0.013683752369335885
17 65 0.0031832396476573275
17 66 0.002736911563179276
17 67 0.001877335563480867
17 68 0.0004520665051985702
17 69 0.0005809792724349097
17 70 0.0005626936805951143
17 71 0.00023094469139619463
17 72 0.00021364492731819495
17 73 0.00014055711742743445
17 74 0.0005388671361107113
17 75 0.0005074962085581464
17 76 0.0010379743480432543
18 1 0.13845236921033988
18 2 0.030237055420218293
18 3 0.008991755475367767
18 4 0.001626659048516768
18 5 0.00101097344326552
18 6 0.0003389049010634922
18 7 9.396231018827123e-05
18 8 3.77554515904608e-05
18 9 0.0002995940260178926
18 10 0.0002841424986037619
18 11 0.0001697041599577949
18 12 0.0006151985099787448
18 13 0.00033466716431712596
18 14 0.0012303069650262146
18 15 0.007157974663597336
18 16 0.23342282091964953
18 17 0.9955769650653628
18 18 0.999997739675653
18 19 0.9953627456199421
18 20 0.8954649263646913
18 21 0.724452212590251
18 22 0.12205838038376841
18 23 0.03572945064461875
18 24 0.007689730122440691
18 25 0.016731842121976183
18 26 0.029660838520978793
18 27 0.004605910524136515
18 28 0.003504553133604493
18 29 0.0022856304524932107
18 30 0.0014560708272324757
18 31 0.0006832580037671515
18 32 0.0015319676907992444
18 33 0.0010102744209635722
18 34 0.0010344316243142996
18 35 0.00045262279140635724
18 36 0.0003870075023680515
18 37 0.0004162332828306125
18 38 0.0011834484357986245
18 39 0.00046472089840593716
18 40 0.00022993001486719145
18 41 0.00034479472759905636
18 42 0.0006969811668428059
18 43 0.0007007387710212528
18 44 0.0006174152872609973
18 45 0.0007040774257119552
18 46 0.0006485538280569203
18 47 0.00032171054463654957
18 48 0.0003871223667314899
18 49 0.0005030979510347621
18 50 0.000413874936312696
18 51 0.0008338930379680892
18 52 0.0019840431470275616
18 53 0.002451714475566459
18 54 0.0013379260764924412
18 55 0.006958912690067058
18 56 0.021381090286787037
18 57 0.011604981045137951
18 58 0.0021071610482499316
18 59 0.0021047504895418466
18 60 0.0016094825832614547
18 61 0.002848663147602078
18 62 0.005681021289486556
18 63 0.016851708644114203
18 64 0.0066775000172650395
18 65 0.0027966530215470468
18 66 0.0027355521782069635
18 67 0.0022267642803013438
18 68 0.0009651812717269163
18 69 0.0010112406218676577
18 70 0.0006010276328387773
18 71 0.0001108427014392521
18 72 0.00023597422336894488
18 73 7.538301820376767e-05
18 74 6.189120073857899e-05
18 75 0.00031221911430632295
18 76 0.00047952695620216175
19 1 0.016576688856852064
19 2 0.011559041886906174
19 3 0.007762734154939034
19 4 0.0023233456413283464
19 5 0.0013904775143972548
19 6 0.0006746196221167796
19 7 6.38714885423721e-05
19 8 0.00031461883300024887
19 9 0.00013449095463544735
19 10 5.563706977849171e-05
19 11 0.00023291330774609584
19 12 0.00021315555577945634
19 13 0.0003131441753260264
19 14 0.0009236931227655704
19 15 0.0007323311736071995
19 16 0.0027104124586892738
19 17 0.4289470448872885
19 18 0.9953627456199421
19 19 0.999997739675653
19 20 0.9954261172305315
19 21 0.8693831742390102
19 22 0.1342794797360843
19 23 0.033459623940504155
19 24 0.009251798172719303
19 25 0.022970205418293504
19 26 0.026281908138148978
19 27 0.004496839958102476
19 28 0.00417468750847044
19 29 0.004143671740979047
19 30 0.0015053418322858783
19 31 0.0007389104534593797
19 32 0.0005392407810663344
19 33 0.00043243619152067293
19 34 0.0004895467331646975
19 35 0.0004187987643563943
19 36 0.0009186778652193778
19 37 0.0007373102917765084
19 38 0.0012009574927074427
19 39 0.0010245594052037833
19 40 0.0009106652934344033
19 41 0.0008242484526801794
19 42 0.000918131133058195
19 43 0.0012708916092081354
19 44 0.0009060531753408466
19 45 0.0013633524769739891
19 46 0.0009298854516867324
19 47 0.0017215926395943806
19 48 0.000929145019991919
19 49 0.0009727964810575401
19 50 0.001235547993838153
19 51 0.001570201348723999
19 52 0.0032699004575942195
19 53 0.00363091802502209
19 54 0.0035160083281407044
19 55 0.13143020256374296
19 56 0.32708512521313193
19 57 0.2538711276152705
19 58 0.011163817669002844
19 59 0.0071410194538201275
19 60 0.012095568809053395
19 61 0.02688999435680046
19 62 0.03146883306882092
19 63 0.02601299935522616
19 64 0.007635095285800914
19 65 0.004946851074311225
19 66 0.003123477283385853
19 67 0.0027708597976591094
19 68 0.0008232604834218861
19 69 0.000269632353829446
19 70 0.00021126003552669005
19 71 0.0003836513767580784
19 72 0.0005115471061835931
19 73 0.000540812709239744
19 74 0.0007851122227178896
19 75 0.0005279934299954799
19 76 0.0004103532786955792
20 1 0.009440455877900732
20 2 0.0058338625424553285
20 3 0.003232686214503394
20 4 0.0013183181494950482
20 5 0.0009466141046066699
20 6 0.0008335319920765058
20 7 0.00018188384995347553
20 8 5.4360822427538745e-05
20 9 5.700433221820616e-06
20 10 2.773963034197438e-05
20 11 0.0001471544204344194
20 12 0.00023281660011976964
20 13 0.0003232229017005876
20 14 0.000574719728421441
20 15 0.0008564427185312504
20 16 0.0028538608648690884
20 17 0.0810465320238562
20 18 0.8954649263646913
20 19 0.9954261172305315
20 20 0.999997739675653
20 21 0.9953897333813109
20 22 0.51020990499682
20 23 0.019563003138273315
20 24 0.010644328454631084
20 25 0.03166620709349184
20 26 0.016599939115646258
20 27 0.0028999437987018693
20 28 0.002229885363374596
20 29 0.0009090830983076631
20 30 0.0007230917558178169
20 31 0.0006352116405232553
20 32 0.0003823801366353672
20 33 0.0003492919519911511
20 34 0.0005359584963492174
20 35 0.0005329257346791027
20 36 0.0007159905957903781
20 37 0.0010417423193476141
20 38 0.0015983424086030784
20 39 0.0012728869514932798
20 40 0.0003662944548989545
20 41 0.000893777530940199
