1	1	1.0
1	2	0.4131107047276427
1	3	0.1612766585815394
1	4	0.0749190946961536
1	5	0.10312342937269026
1	6	0.058983487171290844
1	7	0.10375218586966109
1	8	0.06658543106321704
1	9	0.034393749291606546
1	10	0.026119325208821546
1	11	0.029841682851519384
1	12	0.057561668474207545
1	13	0.029115793381530513
1	14	0.027089100212359395
1	15	0.03757228190744075
1	16	0.051045465317378275
1	17	0.018374434053569293
1	18	0.011877995198307765
1	19	0.020792603011020584
1	20	0.017566665955703185
1	21	0.012394866297444613
1	22	0.051927538824459475
1	23	0.05982310537981622
1	24	0.0450401984082644
1	25	0.03963816315708793
1	26	0.034157531094796245
1	27	0.025874076687155176
1	28	0.013365204914319667
1	29	0.01371129667634794
1	30	0.023680914652538194
1	31	0.015968939918594525
1	32	0.018329814137122247
1	33	0.042622377078896476
1	34	0.0357966303147851
1	35	0.020700815608858475
1	36	0.020163884133255566
1	37	0.03125256283561603
1	38	0.02538794353514322
1	39	0.005046043725337868
1	40	0.014797881561475726
1	41	0.026649819331310918
1	42	0.012016356452855152
1	43	0.01562219909643343
1	44	0.02696881503677912
1	45	0.024758617908778233
1	46	0.015044656461954353
1	47	0.014227256403894458
1	48	0.019917337323268246
1	49	0.009270583729273101
1	50	0.03083928838265879
1	51	0.030118273440290794
1	52	0.025380279209054477
1	53	0.0361908764947534
1	54	0.016272920688044108
1	55	0.004246506214536628
1	56	0.015342589378201916
1	57	0.007390550286727637
1	58	0.032361130696944504
1	59	0.02476216006516223
1	60	0.033939504069771004
1	61	0.020212027180877116
1	62	0.033097719132061214
1	63	0.04095817327508304
1	64	0.017070199869600396
1	65	0.02340777747165111
1	66	0.011365636102415892
1	67	0.020886666741961823
1	68	0.016668670044400466
1	69	0.008329115465783866
1	70	0.012155121102400553
1	71	0.014828709151378244
1	72	0.022006077924090144
1	73	0.010759295394952684
1	74	0.017335503585287602
1	75	0.02953032408328021
1	76	0.056906077860386414
2	1	0.4131107047276427
2	2	1.0
2	3	0.48406024351178095
2	4	0.1343852769873372
2	5	0.12817126459489955
2	6	0.08276945802374003
2	7	0.07688268851803613
2	8	0.06540590040614487
2	9	0.03378448002199046
2	10	0.020991789389766945
2	11	0.0481571576045529
2	12	0.033411176120238494
2	13	0.010400007408666536
2	14	0.01935216610894034
2	15	0.041827600192423715
2	16	0.03630915737964314
2	17	0.024817290268411434
2	18	0.011667581798356032
2	19	0.012765168953947833
2	20	0.007395206673174972
2	21	0.004870119162551368
2	22	0.039489806188095604
2	23	0.051930416724170037
2	24	0.037687911253354314
2	25	0.03893599210724595
2	26	0.023067305296967478
2	27	0.014825842267191523
2	28	0.015754135784436633
2	29	0.021549452212934216
2	30	0.04652283256071221
2	31	0.010457372583984112
2	32	0.014385158867966553
2	33	0.02864607370596376
2	34	0.05190656060581801
2	35	0.054745681760544986
2	36	0.029710035237556692
2	37	0.02631337663788467
2	38	0.017264913558013687
2	39	0.01239163963789616
2	40	0.016958368293237058
2	41	0.010907388908723236
2	42	0.0070820960386451335
2	43	0.028133340271388134
2	44	0.016857957264898235
2	45	0.015476382944571525
2	46	0.023222804268923054
2	47	0.011978765257930568
2	48	0.017118948215555926
2	49	0.015936127273689597
2	50	0.025965415596470958
2	51	0.029378914188118284
2	52	0.032263232136399006
2	53	0.025854377723395647
2	54	0.03196930781031162
2	55	0.010428205094046778
2	56	0.008611888303081152
2	57	0.016334167672698206
2	58	0.028255882745432472
2	59	0.02594507706722026
2	60	0.03333828325718672
2	61	0.029780970043284723
2	62	0.026009127588832316
2	63	0.02299006582495243
2	64	0.02634941332899172
2	65	0.014631986625944341
2	66	0.006698579470190878
2	67	0.020516667507934922
2	68	0.010233369875353096
2	69	0.004090783923573836
2	70	0.01671571666666727
2	71	0.0104043038341734
2	72	0.01200902826031052
2	73	0.010568698969280583
2	74	0.012163150562972402
2	75	0.022791378479997394
2	76	0.03992715341849445
3	1	0.1612766585815394
3	2	0.48406024351178095
3	3	1.0
3	4	0.4155323691879796
3	5	0.20761398865704228
3	6	0.12298259613927846
3	7	0.12559961607160922
3	8	0.0832597319398055
3	9	0.06515670693071673
3	10	0.0367438304660773
3	11	0.05855523056498782
3	12	0.03795745982537535
3	13	0.010746139692052053
3	14	0.005018329794788132
3	15	0.012208296318777007
3	16	0.0265578717410198
3	17	0.015549527723499133
3	18	0.009796367305874203
3	19	0.007604356541257526
3	20	0.025411564422873324
3	21	0.021577916060821895
3	22	0.04810145093850901
3	23	0.05504433864850662
3	24	0.04707059167287004
3	25	0.038336169631208276
3	26	0.02064722446764453
3	27	0.023745282254033634
3	28	0.020681917812667438
3	29	0.01593810258743557
3	30	0.032064293866367596
3	31	0.020592544921497903
3	32	0.024601913785171067
3	33	0.02169597694472484
3	34	0.034867341316308774
3	35	0.020775562562916242
3	36	0.037052966290761984
3	37	0.010795003382695057
3	38	0.029921147595868156
3	39	0.014640891849694835
3	40	0.016697117154859543
3	41	0.01073935551660144
3	42	0.012637879593461462
3	43	0.03525446554157868
3	44	0.011855895540957064
3	45	0.006616209805022961
3	46	0.017787031255027005
3	47	0.006011385270029324
3	48	0.009631557611514923
3	49	0.02465669681493916
3	50	0.03998347274039766
3	51	0.030318112673004403
3	52	0.025005773726708973
3	53	0.02068306626462214
3	54	0.019235827710828313
3	55	0.013221468234988959
3	56	0.004504554062752145
3	57	0.0205164201436468
3	58	0.031867056960930396
3	59	0.02316626049720235
3	60	0.02773474372342727
3	61	0.015638497131372338
3	62	0.03603718602595491
3	63	0.03018119677884003
3	64	0.030660487319931044
3	65	0.01269491148510786
3	66	0.01585710959753858
3	67	0.016160481041171477
3	68	0.01007572054610794
3	69	0.008605777817405059
3	70	0.01645820435959577
3	71	0.002120072099096304
3	72	0.018918439394526292
3	73	0.015799227884965582
3	74	0.004790309087774137
3	75	0.01836021991753121
3	76	0.02358723615626973
4	1	0.0749190946961536
4	2	0.1343852769873372
4	3	0.4155323691879796
4	4	1.0
4	5	0.4370956648811678
4	6	0.09801912865659636
4	7	0.13213044840604177
4	8	0.0801850099103056
4	9	0.06323249549126768
4	10	0.03830339402979481
4	11	0.06876909168947455
4	12	0.05012014412930905
4	13	0.013343013935883897
4	14	0.019862773897015438
4	15	0.04545658833887403
4	16	0.03549254878335576
4	17	0.006946935607065453
4	18	0.0047901717379282525
4	19	0.015722374631448686
4	20	0.0075903284390993605
4	21	0.03499031432883638
4	22	0.04371836085707059
4	23	0.047169822053207446
4	24	0.04204598747237748
4	25	0.015985326479948502
4	26	0.021523580189385935
4	27	0.008695442014821678
4	28	0.016169810672992894
4	29	0.022118035410472192
4	30	0.01910013756032885
4	31	0.008049966733455696
4	32	0.02236014397602288
4	33	0.03618695572124562
4	34	0.029215933952889624
4	35	0.03531951960359283
4	36	0.03252686618083398
4	37	0.011253190206784313
4	38	0.019689386126240126
4	39	0.010174874619642503
4	40	0.019892359671171204
4	41	0.015673250279592
4	42	0.014537912841470825
4	43	0.0026250573639632867
4	44	0.022246399730015937
4	45	0.009076988088041514
4	46	0.0108343359269856
4	47	0.016393101188572526
4	48	0.010040361375909424
4	49	0.011683288152111594
4	50	0.02961168190409052
4	51	0.02624330596468173
4	52	0.024083271166769647
4	53	0.023219478099417726
4	54	0.034635753946611614
4	55	0.012844024211998692
4	56	0.01546844701959641
4	57	0.01862793895702219
4	58	0.016313295961179065
4	59	0.046601866578115464
4	60	0.02851492824916715
4	61	0.03668009162052536
4	62	0.030032299655965395
4	63	0.013764719192890454
4	64	0.022127433358153422
4	65	0.006436308075691541
4	66	0.009167096313499337
4	67	0.014740600521492505
4	68	0.010503378875366167
4	69	0.012596161047805466
4	70	0.009803863058636236
4	71	0.006407292200251051
4	72	0.02218659486505567
4	73	0.009039629509114808
4	74	0.027464968029119834
4	75	0.01701289489853588
4	76	0.032784506021933925
5	1	0.10312342937269026
5	2	0.12817126459489955
5	3	0.20761398865704228
5	4	0.4370956648811678
5	5	1.0
5	6	0.43553054774289107
5	7	0.26898826855536967
5	8	0.0977838803921506
5	9	0.11478433897064433
5	10	0.04284340596618602
5	11	0.06140163389181832
5	12	0.05324300398122684
5	13	0.05679332450756294
5	14	0.05009683415823084
5	15	0.051616652459772525
5	16	0.051984547278104296
5	17	0.03839242101413439
5	18	0.03451585380002683
5	19	0.029769632234990854
5	20	0.04775112574529755
5	21	0.0082691326577576
5	22	0.04745366114443702
5	23	0.06279944230964027
5	24	0.025666533211357492
5	25	0.03877067100410307
5	26	0.036852841078269805
5	27	0.02281704422013047
5	28	0.029487935553152815
5	29	0.028077608477276177
5	30	0.024094628431636247
5	31	0.014976230809438745
5	32	0.03714887052168054
5	33	0.029672167999051948
5	34	0.02661732770941534
5	35	0.03253297684093948
5	36	0.035845180481933935
5	37	0.03415816633748975
5	38	0.018741710386785414
5	39	0.03271146581418673
5	40	0.018379244441203844
5	41	0.02850076760766859
5	42	0.014842478972726123
5	43	0.01879757940001872
5	44	0.01746180452565588
5	45	0.025901227142933966
5	46	0.010444933478974043
5	47	0.021180099332783475
5	48	0.02641617722377714
5	49	0.025507284485644276
5	50	0.03304476097519862
5	51	0.016955675753426082
5	52	0.031203370652712562
5	53	0.03805392542303752
5	54	0.031609149327622016
5	55	0.01035191431325257
5	56	0.018516207913033544
5	57	0.03066685020915001
5	58	0.02702993816379559
5	59	0.025264081736678115
5	60	0.028229845356947173
5	61	0.04412039508970822
5	62	0.030231177795824453
5	63	0.02656742239352496
5	64	0.032255645301775195
5	65	0.022364190230818735
5	66	0.029265163641140655
5	67	0.014027043472719821
5	68	0.025483349069449553
5	69	0.017687253982367073
5	70	0.033594681596747576
5	71	0.009959627193395609
5	72	0.024436802156369758
5	73	0.018555306547078095
5	74	0.027821225930306552
5	75	0.0333323541653604
5	76	0.01654292886284345
6	1	0.058983487171290844
6	2	0.08276945802374003
6	3	0.12298259613927846
6	4	0.09801912865659636
6	5	0.43553054774289107
6	6	1.0
6	7	0.5169826458492363
6	8	0.11326767652656386
6	9	0.11321598821174063
6	10	0.050141872810527545
6	11	0.05176359367495958
6	12	0.05801379390280899
6	13	0.025152418299809166
6	14	0.041602858593744935
6	15	0.04231531646011053
6	16	0.04460378401318354
6	17	0.029100906261489666
6	18	0.022574438053926695
6	19	0.00823268378561738
6	20	0.021197399176019996
6	21	0.01308709063088576
6	22	0.03437994366086608
6	23	0.019227434060779515
6	24	0.03170372671010943
6	25	0.05022223909482324
6	26	0.022540718328586003
6	27	0.02731908586575844
6	28	0.00846697265797112
6	29	0.014477041595979552
6	30	0.040005497830037616
6	31	0.02248102572630578
6	32	0.013220998939580099
6	33	0.033159913536221365
6	34	0.025197194565185176
6	35	0.028582111838982852
6	36	0.03619298532998482
6	37	0.023569962722990525
6	38	0.018557864535293928
6	39	0.021311419268525526
6	40	0.026040513974479026
6	41	0.01172422904923502
6	42	0.015224931999152428
6	43	0.02199288338202619
6	44	0.03365223059199095
6	45	0.03089430044651948
6	46	0.009077066085712758
6	47	0.027897656527532188
6	48	0.013143547964424409
6	49	0.004894161240339216
6	50	0.0232582790624285
6	51	0.02715477825652713
6	52	0.02049236585701112
6	53	0.02779058351281939
6	54	0.024818050481421865
6	55	0.01793465821530361
6	56	0.009256822047334948
6	57	0.021459063061978877
6	58	0.017084212175729325
6	59	0.017430047663478474
6	60	0.029862457997669737
6	61	0.029877153139983126
6	62	0.020967690698003014
6	63	0.01853382617224949
6	64	0.033472270527484645
6	65	0.02246822588566028
6	66	0.014400456878566666
6	67	0.013231882953388518
6	68	0.017599578499982164
6	69	0.01319141738026081
6	70	0.010267163983070562
6	71	0.008946777073409521
6	72	0.02065339272289635
6	73	0.011360177407803325
6	74	0.010459229527604717
6	75	0.026725307140169276
6	76	0.06866760365121054
7	1	0.10375218586966109
7	2	0.07688268851803613
7	3	0.12559961607160922
7	4	0.13213044840604177
7	5	0.26898826855536967
7	6	0.5169826458492363
7	7	1.0
7	8	0.30561372125443154
7	9	0.13346302763606208
7	10	0.051397139154627985
7	11	0.07250360971228192
7	12	0.06202816379443263
7	13	0.021831114246744245
7	14	0.043328277905041776
7	15	0.05680013872852251
7	16	0.043543246514574155
7	17	0.0402460536996508
7	18	0.039803246720289176
7	19	0.0294687658255659
7	20	0.02069339228977304
7	21	0.012775921564668252
7	22	0.05667735283463
7	23	0.03354727926054943
7	24	0.03266935242442218
7	25	0.04085675959176755
7	26	0.019804293988430845
7	27	0.020002143703624586
7	28	0.019286529545248076
7	29	0.01130625825476201
7	30	0.039054294302081925
7	31	0.008229937984902222
7	32	0.014279870156152756
7	33	0.018497985365545113
7	34	0.021250223371029768
7	35	0.03868900961300802
7	36	0.05195945897285653
7	37	0.020708588338688282
7	38	0.028366675235915143
7	39	0.018204113863239904
7	40	0.02287921825780945
7	41	0.011445465494762138
7	42	0.010269695909770128
7	43	0.021469962764482254
7	44	0.04296042025847274
7	45	0.03711967007582883
7	46	0.022584311722153697
7	47	0.01256969559735666
7	48	0.025662071152101645
7	49	0.02150007463601544
7	50	0.02421895604030675
7	51	0.033729048439872095
7	52	0.01587499858887331
7	53	0.028825425202920495
7	54	0.016773201093114424
7	55	0.020144863742065682
7	56	0.029741199823891392
7	57	0.01904439592710863
7	58	0.012971781033370005
7	59	0.018717176072312124
7	60	0.01749145289298775
7	61	0.016666724249583376
7	62	0.012201773861968773
7	63	0.022113849409848084
7	64	0.01256784711599336
7	65	0.01974060357203593
7	66	0.016401069256141147
7	67	0.021528783947601958
7	68	0.008590556684422188
7	69	0.015297538012999622
7	70	0.020046087410149353
7	71	0.021835125370345373
7	72	0.022682611369405414
7	73	0.010030192145434802
7	74	0.012763177893097142
7	75	0.01956739817481068
7	76	0.025138087762295654
8	1	0.06658543106321704
8	2	0.06540590040614487
8	3	0.0832597319398055
8	4	0.0801850099103056
8	5	0.0977838803921506
8	6	0.11326767652656386
8	7	0.30561372125443154
8	8	1.0
8	9	0.32259741303038264
8	10	0.11784752041716472
8	11	0.144055084248224
8	12	0.08564967152672887
8	13	0.04192572100202876
8	14	0.044208333306577675
8	15	0.06877062834370852
8	16	0.04832655618150317
8	17	0.03638049211009855
8	18	0.040445741936840716
8	19	0.04940202108337186
8	20	0.026499924392298906
8	21	0.026177316881516137
8	22	0.04567659375129432
8	23	0.04382844550072481
8	24	0.04051517283145829
8	25	0.04813541213752988
8	26	0.03606947372282593
8	27	0.015938044341901082
8	28	0.03669461472077375
8	29	0.02895755406127741
8	30	0.075019305582118
8	31	0.019673255034775215
8	32	0.029020744582906294
8	33	0.05211467711224285
8	34	0.021600183806997044
8	35	0.023230715905670603
8	36	0.04045583289989192
8	37	0.037716461482286565
8	38	0.018560087075809282
8	39	0.010656986495367738
8	40	0.03385672606286348
8	41	0.018761015037977332
8	42	0.020870933149344486
8	43	0.01924607864022101
8	44	0.03365626164093253
8	45	0.0332747711770244
8	46	0.03442329508493435
8	47	0.015023615911385908
8	48	0.010516098116594033
8	49	0.017131620378431408
8	50	0.03566697044638149
8	51	0.0312931918700676
8	52	0.017744375697629752
8	53	0.03300527289235138
8	54	0.03818619268947152
8	55	0.015921138822838177
8	56	0.03487070302977109
8	57	0.031216923169765525
8	58	0.01708625978707684
8	59	0.015688922298192104
8	60	0.021901760491206186
8	61	0.017074704434091616
8	62	0.015941227687628217
8	63	0.020595608414810302
8	64	0.028326086134716544
8	65	0.024718010997901385
8	66	0.014402183471932442
8	67	0.03087809479620822
8	68	0.024202318828054646
8	69	0.019985744074904034
8	70	0.0179696926600326
8	71	0.020132660410365637
8	72	0.025819835050570523
8	73	0.022422616455908182
8	74	0.02092096522700556
8	75	0.020046383275221385
8	76	0.04721463468060665
9	1	0.034393749291606546
9	2	0.03378448002199046
9	3	0.06515670693071673
9	4	0.06323249549126768
9	5	0.11478433897064433
9	6	0.11321598821174063
9	7	0.13346302763606208
9	8	0.32259741303038264
9	9	1.0
9	10	0.2913889999902618
9	11	0.21071462559982884
9	12	0.14864860275681996
9	13	0.06976248812064428
9	14	0.042493446504532205
9	15	0.048384402691065816
9	16	0.07000150021598865
9	17	0.04697606312789828
9	18	0.04977132633538691
9	19	0.06792456286065751
9	20	0.02869016171322427
9	21	0.028167736975421333
9	22	0.03475679746783995
9	23	0.05326813180016076
9	24	0.030367791034683463
9	25	0.047291487419743164
9	26	0.08247560992013042
9	27	0.03184982961677261
9	28	0.03037286725618309
9	29	0.028043434285586522
9	30	0.059197210193398284
9	31	0.021169131815359038
9	32	0.0238080444920322
9	33	0.05097933665203249
9	34	0.03542933168671416
9	35	0.021501356228757915
9	36	0.038949624091219784
9	37	0.03804775334669305
9	38	0.03378157195348986
9	39	0.031535077828303594
9	40	0.042035834473904875
9	41	0.022710969545692142
9	42	0.037097885150792397
9	43	0.02662646624936208
9	44	0.04178694265170439
9	45	0.040919831172313556
9	46	0.027612628637033596
9	47	0.011547107764667563
9	48	0.028289250391849523
9	49	0.015800776664776837
9	50	0.01337544706984036
9	51	0.029339787662971215
9	52	0.029996518368776516
9	53	0.02056123621900785
9	54	0.026708315705529204
9	55	0.01990306604903271
9	56	0.025428652998587396
9	57	0.02948074916952782
9	58	0.02451390847455808
9	59	0.018757604913586412
9	60	0.014997234051375735
9	61	0.006889874069819071
9	62	0.02518700337963367
9	63	0.01994545452993852
9	64	0.022167190367123234
9	65	0.019343614627614147
9	66	0.02582878070303555
9	67	0.011866406972151826
9	68	0.028410073644821333
9	69	0.01457414041289261
9	70	0.016573744694964795
9	71	0.016849362051292206
9	72	0.01944815045734644
9	73	0.026756465045766196
9	74	0.022511712256519923
9	75	0.040744523098139813
9	76	0.036948832545489446
10	1	0.026119325208821546
10	2	0.020991789389766945
10	3	0.0367438304660773
10	4	0.03830339402979481
10	5	0.04284340596618602
10	6	0.050141872810527545
10	7	0.051397139154627985
10	8	0.11784752041716472
10	9	0.2913889999902618
10	10	1.0
10	11	0.37963695897214794
10	12	0.20972682438586984
10	13	0.08899647228515309
10	14	0.07979590614212921
10	15	0.07764912321779614
10	16	0.04926761633348347
10	17	0.0730578252749858
10	18	0.055168896050589646
10	19	0.07053436707206458
10	20	0.03703943216307086
10	21	0.03154093340567835
10	22	0.0229456801128577
10	23	0.00833575446816011
10	24	0.02227572719496621
10	25	0.0302599017194027
10	26	0.021729973711888215
10	27	0.04290581582159507
10	28	0.03401013903463888
10	29	0.03871848035514124
10	30	0.054234260074477555
10	31	0.030476851407961355
10	32	0.01862821006396219
10	33	0.028542157610528376
10	34	0.025411001418092796
10	35	0.02294097104845869
10	36	0.02052423441901519
10	37	0.042604123576336694
10	38	0.010572732222248906
10	39	0.03852166696750729
10	40	0.03765583426584716
10	41	0.022605066856359084
10	42	0.040190712840418794
10	43	0.026502303490932334
10	44	0.03431346915173996
10	45	0.03214556244735402
10	46	0.02356913890058099
10	47	0.03982765658449028
10	48	0.019006199909509688
10	49	0.04128362527165594
10	50	0.017660359113348064
10	51	0.01721732393307732
10	52	0.018638161660405828
10	53	0.010465239892363575
10	54	0.041409337954189065
10	55	0.035038855746430064
10	56	0.02387547299666313
10	57	0.029657214738651873
10	58	0.023459009354849836
10	59	0.004385288335770666
10	60	0.012250199410205932
10	61	0.020573236173690494
10	62	0.025012925436082644
10	63	0.019852446408366208
10	64	0.040335424966165
10	65	0.03364340380447398
10	66	0.02701523562257168
10	67	0.026574915436660282
10	68	0.013255120974727893
10	69	0.028508236973234163
10	70	0.012372344135676
10	71	0.0224740340928115
10	72	0.015555102891036456
10	73	0.013084470062358293
10	74	0.03150947412729449
10	75	0.0026837561080567582
10	76	0.031030199772234653
11	1	0.029841682851519384
11	2	0.0481571576045529
11	3	0.05855523056498782
11	4	0.06876909168947455
11	5	0.06140163389181832
11	6	0.05176359367495958
11	7	0.07250360971228192
11	8	0.144055084248224
11	9	0.21071462559982884
11	10	0.37963695897214794
11	11	1.0
11	12	0.262595810830877
11	13	0.08947811839690162
11	14	0.09252457267208009
11	15	0.1052343408508205
11	16	0.09898425790692053
11	17	0.06969088569183197
11	18	0.0466113173692529
11	19	0.08189573989424712
11	20	0.03627261906335849
11	21	0.049181229185663915
11	22	0.03204147436485763
11	23	0.03928530973029527
11	24	0.02799535196124309
11	25	0.043945639901439806
11	26	0.05481101329096678
11	27	0.03338061069109431
11	28	0.04055343666375366
11	29	0.028802468216896315
11	30	0.08290836864003884
11	31	0.04037819087050948
11	32	0.03344468726539149
11	33	0.04188733068705155
11	34	0.03525364727361379
11	35	0.014415705618320182
11	36	0.02353167568209643
11	37	0.04949825291176057
11	38	0.028473085540344736
11	39	0.04416629912934752
11	40	0.028782396159614174
11	41	0.012958706971988926
11	42	0.03607877081366435
11	43	0.03038572111415467
11	44	0.04005676557402809
11	45	0.03152053700494792
11	46	0.010578881038424774
11	47	0.02621876486227959
11	48	0.03196043303664087
11	49	0.018933188539281172
11	50	0.019376516373613997
11	51	0.00858655997983496
11	52	0.018590308673019928
11	53	0.017278162622290785
11	54	0.03587158910299894
11	55	0.020969336603906107
11	56	0.026790944938688818
11	57	0.008874320755384212
11	58	0.016847122081710443
11	59	0.01968312990124535
11	60	0.013202705806835751
11	61	0.02594664680282363
11	62	0.006123774473516548
11	63	0.027313741697993
11	64	0.025613073333593455
11	65	0.03271809925737125
11	66	0.024251288902071892
11	67	0.01218758894958195
11	68	0.02188427285928493
11	69	0.020473229660426362
11	70	0.017022336510245383
11	71	0.022696537276531672
11	72	0.019974542053323194
11	73	0.018793262915883638
11	74	0.008670385147303514
11	75	0.022154469032424712
11	76	0.023718067800630214
12	1	0.057561668474207545
12	2	0.033411176120238494
12	3	0.03795745982537535
12	4	0.05012014412930905
12	5	0.05324300398122684
12	6	0.05801379390280899
12	7	0.06202816379443263
12	8	0.08564967152672887
12	9	0.14864860275681996
12	10	0.20972682438586984
12	11	0.262595810830877
12	12	1.0
12	13	0.3412663414477938
12	14	0.22714463348014455
12	15	0.17112284173994274
12	16	0.15510825849578833
12	17	0.09546076911194978
12	18	0.09297370727061824
12	19	0.08882477835820642
12	20	0.05565501841049587
12	21	0.08909667971553556
12	22	0.058995534137781996
12	23	0.05051832749821202
12	24	0.061363949121968325
12	25	0.04820063362970841
12	26	0.060133948208433916
12	27	0.06618896993790253
12	28	0.07698623363859634
12	29	0.03878528911776989
12	30	0.07174427903743989
12	31	0.03351385829834913
12	32	0.04618437227372179
12	33	0.05352786205266281
12	34	0.04327324281049118
12	35	0.0455015029671663
12	36	0.08912718532298902
12	37	0.0509595093027165
12	38	0.05242533058205586
12	39	0.02711178860374924
12	40	0.048963256310914645
12	41	0.03543284364403415
12	42	0.040595561767880005
12	43	0.03004663168379143
12	44	0.03617591017692738
12	45	0.05474175241107499
12	46	0.04544887962730036
12	47	0.02340587661702476
12	48	0.016420614746574025
12	49	0.03171127040053746
12	50	0.03675761733420575
12	51	0.01686376587826204
12	52	0.01825542667215192
12	53	0.031539705533829225
12	54	0.025427637501516526
12	55	0.025739497236780134
12	56	0.026308338123126045
12	57	0.02723269070520982
12	58	0.028434382905171064
12	59	0.014496421624559204
12	60	0.03779571825441079
12	61	0.02742576937732757
12	62	0.012528042635589254
12	63	0.03048854870377776
12	64	0.02841554524636335
12	65	0.0494288023395817
12	66	0.04299827513779922
12	67	0.031971055290024766
12	68	0.028801375049008527
12	69	0.012565267295640786
12	70	0.03534022399845096
12	71	0.024764096776577257
12	72	0.020253613980876273
12	73	0.01730130369809653
12	74	0.01572182744133202
12	75	0.030389029119247794
12	76	0.02368187736506428
13	1	0.029115793381530513
13	2	0.010400007408666536
13	3	0.010746139692052053
13	4	0.013343013935883897
13	5	0.05679332450756294
13	6	0.025152418299809166
13	7	0.021831114246744245
13	8	0.04192572100202876
13	9	0.06976248812064428
13	10	0.08899647228515309
13	11	0.08947811839690162
13	12	0.3412663414477938
13	13	1.0
13	14	0.30020717403689245
13	15	0.1652313742388204
13	16	0.10027814167851283
13	17	0.08608500521824484
13	18	0.05426294009485887
13	19	0.09351766318089336
13	20	0.06395930485504268
13	21	0.05946416090168836
13	22	0.025578061057317695
13	23	0.01393807465525803
13	24	0.030011057209447828
13	25	0.056454770807281125
13	26	0.04480825601260058
13	27	0.0290930764317322
13	28	0.04408205769133762
13	29	0.04522355958214214
13	30	0.06390494597508332
13	31	0.03990142061824018
13	32	0.03633923866559758
13	33	0.036994763411652795
13	34	0.007725328762502346
13	35	0.02045824946978289
13	36	0.03325296673740481
13	37	0.030120600714487945
13	38	0.014732074679588076
13	39	0.04539059253333083
13	40	0.029580246127140476
13	41	0.03329481037138804
13	42	0.033601110580585396
13	43	0.04293852296438604
13	44	0.022053827287711925
13	45	0.013497620941954655
13	46	0.013136522819485503
13	47	0.0274238929626771
13	48	0.04852306000176519
13	49	0.03822110624026709
13	50	0.006604954676187693
13	51	0.019192534214976274
13	52	0.009233943031460584
13	53	0.019730127272219594
13	54	0.01897512146232906
13	55	0.035803709252038705
13	56	0.029941335753167403
13	57	0.016620020681297833
13	58	0.008086040855809518
13	59	0.014849507592973082
13	60	0.01696085527846007
13	61	0.027271931619475484
13	62	0.015208618756688712
13	63	0.026316449529017166
13	64	0.029247857586585234
13	65	0.028712666587394395
13	66	0.013631613497434997
13	67	0.009394072622971499
13	68	0.0062474741300810235
13	69	0.02224513606165431
13	70	0.025512371032200443
13	71	0.00952774511383225
13	72	0.02566029871606322
13	73	0.008751331353732558
13	74	0.029702425193529745
13	75	0.00948691282373057
13	76	0.024375533390351943
14	1	0.027089100212359395
14	2	0.01935216610894034
14	3	0.005018329794788132
14	4	0.019862773897015438
14	5	0.05009683415823084
14	6	0.041602858593744935
14	7	0.043328277905041776
14	8	0.044208333306577675
14	9	0.042493446504532205
14	10	0.07979590614212921
14	11	0.09252457267208009
14	12	0.22714463348014455
14	13	0.30020717403689245
14	14	1.0
14	15	0.22446901466920363
14	16	0.13309233120747838
14	17	0.0964817865404243
14	18	0.08414300490627762
14	19	0.06550757135551386
14	20	0.07379224020978223
14	21	0.0728939022210276
14	22	0.02115344206785553
14	23	0.01945180915880642
14	24	0.018686443220026442
14	25	0.04717724258866946
14	26	0.03886063861409678
14	27	0.04528715074708267
14	28	0.06737181661690683
14	29	0.046077604955566835
14	30	0.10610809585549741
14	31	0.04472045290124552
14	32	0.0434696621293712
14	33	0.018846703072382717
14	34	0.0335420640116285
14	35	0.030930560990256487
14	36	0.0254107109647515
14	37	0.021880424610082144
14	38	0.021930568277699982
14	39	0.03532817280489992
14	40	0.03798753220560058
14	41	0.024877292948685056
14	42	0.02778862623214439
14	43	0.025520492377904647
14	44	0.03776260936024273
14	45	0.025212958366818666
14	46	0.024444228972150935
14	47	0.034151080051792196
14	48	0.0627500247941434
14	49	0.029207183044267584
14	50	0.014394056606837749
14	51	0.017856578866211406
14	52	0.008591187470772673
14	53	0.009213751876267601
14	54	0.027849398146215357
14	55	0.030283166813802262
14	56	0.04333338990680759
14	57	0.02328409796481736
14	58	0.01762176217229225
14	59	0.016180630385819086
14	60	0.0
14	61	0.016980921530324627
14	62	0.021224963675384855
14	63	0.016385988125405534
14	64	0.006829212607851803
14	65	0.041715326077049475
14	66	0.01909743801394306
14	67	0.011698473361842248
14	68	0.026257512620388192
14	69	0.020696696005432752
14	70	0.01701999303377825
14	71	0.017797404701546414
14	72	0.02054241467227985
14	73	0.010856224999015717
14	74	0.041612112358279066
14	75	0.00590704597117475
14	76	0.011383105202221851
15	1	0.03757228190744075
15	2	0.041827600192423715
15	3	0.012208296318777007
15	4	0.04545658833887403
15	5	0.051616652459772525
15	6	0.04231531646011053
15	7	0.05680013872852251
15	8	0.06877062834370852
15	9	0.048384402691065816
15	10	0.07764912321779614
15	11	0.1052343408508205
15	12	0.17112284173994274
15	13	0.1652313742388204
15	14	0.22446901466920363
15	15	1.0
15	16	0.3068817038384902
15	17	0.13144053885030152
15	18	0.0787372551529955
15	19	0.0566902689871528
15	20	0.05683275235191183
15	21	0.08444381859933651
15	22	0.0833733364161894
15	23	0.03297487647476684
15	24	0.05169655572047349
15	25	0.040507073034494995
15	26	0.0436328726169203
15	27	0.04224350868510297
15	28	0.040064007567279895
15	29	0.033628469235437816
15	30	0.07098672809061102
15	31	0.0507702088242868
15	32	0.029476058581271555
15	33	0.03362271751590788
15	34	0.0194951313645412
15	35	0.03146025384835501
15	36	0.04670670131032089
15	37	0.042583533771416264
15	38	0.025094401320022913
15	39	0.03437772498009837
15	40	0.043686543841549415
15	41	0.04236401619613107
15	42	0.03179757578594915
15	43	0.04612010681740932
15	44	0.06013090823143456
15	45	0.055489130304968666
15	46	0.03418640785325733
15	47	0.030810109602220803
15	48	0.03731556596605753
15	49	0.03789521377736072
15	50	0.020699700042564433
15	51	0.020180418736567243
15	52	0.01529204885880981
15	53	0.02689761001508561
15	54	0.02956380458492205
15	55	0.02464141973164821
15	56	0.028334240196207228
15	57	0.028678001736017394
15	58	0.014848000546506302
15	59	0.01850398199586585
15	60	0.0077535653086972375
15	61	0.022032102500284236
15	62	0.023987162356798868
15	63	0.023917722602701964
15	64	0.023259193784228225
15	65	0.014787533732671476
15	66	0.03166455118408902
15	67	0.014229683052165895
15	68	0.02271208616451597
15	69	0.02405843747924924
15	70	0.016562096768023886
15	71	0.02074417533680123
15	72	0.006663250997668468
15	73	0.016563208660787265
15	74	0.01687191803121741
15	75	0.04598500435619628
15	76	0.027692148545536015
16	1	0.051045465317378275
16	2	0.03630915737964314
16	3	0.0265578717410198
16	4	0.03549254878335576
16	5	0.051984547278104296
16	6	0.04460378401318354
16	7	0.043543246514574155
16	8	0.04832655618150317
16	9	0.07000150021598865
16	10	0.04926761633348347
16	11	0.09898425790692053
16	12	0.15510825849578833
16	13	0.10027814167851283
16	14	0.13309233120747838
16	15	0.3068817038384902
16	16	1.0
16	17	0.23374062011504615
16	18	0.11787762124006589
16	19	0.11042320084182279
16	20	0.05491414576458351
16	21	0.08327673847107997
16	22	0.06992783081719096
16	23	0.050978693889058097
16	24	0.07100521278934559
16	25	0.0842024990171749
16	26	0.07382569041684837
16	27	0.03834680095630913
16	28	0.050180182714808765
16	29	0.04064178613896416
16	30	0.08423138544202996
16	31	0.039444740044468456
16	32	0.0276179229059533
16	33	0.06427691806257022
16	34	0.04281135795837963
16	35	0.04081435615430341
16	36	0.06375249286452775
16	37	0.07278544558506465
16	38	0.04702495544750171
16	39	0.03739257248047647
16	40	0.019494460848610912
16	41	0.03510799440679976
16	42	0.032275851543055276
16	43	0.030870605452979125
16	44	0.05086996865165489
16	45	0.03335784276736245
16	46	0.026207456920432515
16	47	0.04417929199357383
16	48	0.03197846584381432
16	49	0.022899186240087396
16	50	0.017455332811369927
16	51	0.02552616196850874
16	52	0.021492083003686154
16	53	0.032507186426139534
16	54	0.03215648118626901
16	55	0.02380955340532236
16	56	0.02876042125646454
16	57	0.04580143140618691
16	58	0.028421313664070153
16	59	0.02772804123107213
16	60	0.02608158819985514
16	61	0.009985110761425104
16	62	0.03539818778788075
16	63	0.03083289040365198
16	64	0.043369659912931624
16	65	0.035742870386214785
16	66	0.033688990694918736
16	67	0.01650943085657973
16	68	0.024703881813150017
16	69	0.025359548204414654
16	70	0.014411641987732933
16	71	0.016744348654546274
16	72	0.007247602750242305
16	73	0.013579196537685476
16	74	0.0244687271904228
16	75	0.0166725926150036
16	76	0.0522091878268666
17	1	0.018374434053569293
17	2	0.024817290268411434
17	3	0.015549527723499133
17	4	0.006946935607065453
17	5	0.03839242101413439
17	6	0.029100906261489666
17	7	0.0402460536996508
17	8	0.03638049211009855
17	9	0.04697606312789828
17	10	0.0730578252749858
17	11	0.06969088569183197
17	12	0.09546076911194978
17	13	0.08608500521824484
17	14	0.0964817865404243
17	15	0.13144053885030152
17	16	0.23374062011504615
17	17	1.0
17	18	0.32332353481466036
17	19	0.1949339322958236
17	20	0.17262441878380866
17	21	0.14772733896095183
17	22	0.08631398966772086
17	23	0.020157634871849333
17	24	0.0538674727788282
17	25	0.055437593004300234
17	26	0.0649081890224635
17	27	0.05810304709039585
17	28	0.06501725678419606
17	29	0.06128480854230469
17	30	0.06911983222993216
17	31	0.02615081378247969
17	32	0.058561094512884916
17	33	0.06820513216983363
17	34	0.03798680148415276
17	35	0.03550475345544236
17	36	0.034331695470361266
17	37	0.05429759677866404
17	38	0.03579398263485842
17	39	0.061368298482757204
17	40	0.05099060773530332
17	41	0.04591503937954862
17	42	0.02915692298973175
17	43	0.06649717482397961
17	44	0.03279856888804687
17	45	0.022613775041054742
17	46	0.04559617637292387
17	47	0.03595640366352249
17	48	0.024222796964008232
17	49	0.047916928164374366
17	50	0.026572948956071662
17	51	0.012953164148009084
17	52	0.012018949996856973
17	53	0.032010274147664816
17	54	0.03078534692715132
17	55	0.033892579354714826
17	56	0.03175480059717052
17	57	0.02390583076597971
17	58	0.015884094430118657
17	59	0.01696730453896006
17	60	0.014219329190452787
17	61	0.03441366309475449
17	62	0.015396590865794212
17	63	0.014231985899343477
17	64	0.03855466028390845
17	65	0.027118982001823746
17	66	0.03193843770400093
17	67	0.020411155472792514
17	68	0.030407813637986444
17	69	0.016545363220350176
17	70	0.017739177922140616
17	71	0.024456160521524675
17	72	0.03568406910292714
17	73	0.015187703534081594
17	74	0.02409469175998667
17	75	0.023087435366900316
17	76	0.05437713143634661
18	1	0.011877995198307765
18	2	0.011667581798356032
18	3	0.009796367305874203
18	4	0.0047901717379282525
18	5	0.03451585380002683
18	6	0.022574438053926695
18	7	0.039803246720289176
18	8	0.040445741936840716
18	9	0.04977132633538691
18	10	0.055168896050589646
18	11	0.0466113173692529
18	12	0.09297370727061824
18	13	0.05426294009485887
18	14	0.08414300490627762
18	15	0.0787372551529955
18	16	0.11787762124006589
18	17	0.32332353481466036
18	18	1.0
18	19	0.34100930759006937
18	20	0.15434050976927746
18	21	0.14229747847330645
18	22	0.06376793250775753
18	23	0.018764253977162984
18	24	0.0205189514934335
18	25	0.043339074200046394
18	26	0.049601123538279585
18	27	0.08840585048385384
18	28	0.07671866899359864
18	29	0.08994890760181
18	30	0.13593267007364082
18	31	0.054562244982209164
18	32	0.041933155168445535
18	33	0.049054647495235276
18	34	0.023296944510547955
18	35	0.02295174397478555
18	36	0.03306979872145404
18	37	0.02745846305075738
18	38	0.040036078921898526
18	39	0.07586123136278536
18	40	0.05730246750029315
18	41	0.027316915758990087
18	42	0.04691118488240136
18	43	0.05337750621652945
18	44	0.03015697938606174
18	45	0.03691399784954863
18	46	0.026527732873894382
18	47	0.02777788720144991
18	48	0.05103976671335954
18	49	0.012670190998579996
18	50	0.024084763967913425
18	51	0.011483606146722733
18	52	0.010359396570974356
18	53	0.015738037911538157
18	54	0.02965380277937399
18	55	0.03505531148016219
18	56	0.05991102427131738
18	57	0.020201467128290226
18	58	0.01228562552503882
18	59	0.009024711543295256
18	60	0.01288484205638417
18	61	0.019336773528024622
18	62	0.011374851377157916
18	63	0.02399053403377095
18	64	0.0233299981782516
18	65	0.02908329466784471
18	66	0.0372804474156201
18	67	0.014272998534072656
18	68	0.031324184641965694
18	69	0.019965136636600274
18	70	0.01993501794426427
18	71	0.014476096043478014
18	72	0.030075908671420085
18	73	0.02618123259860732
18	74	0.027077247722561898
18	75	0.020179682720481294
18	76	0.02777645036583507
19	1	0.020792603011020584
19	2	0.012765168953947833
19	3	0.007604356541257526
19	4	0.015722374631448686
19	5	0.029769632234990854
19	6	0.00823268378561738
19	7	0.0294687658255659
19	8	0.04940202108337186
19	9	0.06792456286065751
19	10	0.07053436707206458
19	11	0.08189573989424712
19	12	0.08882477835820642
19	13	0.09351766318089336
19	14	0.06550757135551386
19	15	0.0566902689871528
19	16	0.11042320084182279
19	17	0.1949339322958236
19	18	0.34100930759006937
19	19	1.0
19	20	0.24325691841120123
19	21	0.19286201520619656
19	22	0.07534801284937023
19	23	0.04105886981776695
19	24	0.03657402525722866
19	25	0.047658970556471385
19	26	0.08757430523543694
19	27	0.05322595158640395
19	28	0.08696523892345231
19	29	0.0853381894160205
19	30	0.08039367792194119
19	31	0.07529516009320951
19	32	0.061170492657099756
19	33	0.053944253318919784
19	34	0.022757325072909524
19	35	0.025110849882109966
19	36	0.04848811846126858
19	37	0.02210384852109739
19	38	0.046291030903193364
19	39	0.04282669339869668
19	40	0.04186409695695042
19	41	0.028272729847317567
19	42	0.025662096239313446
19	43	0.06629421391947828
19	44	0.031212165889287085
19	45	0.03198732935068038
19	46	0.035472845613946015
19	47	0.029063179641883624
19	48	0.04226051116402922
19	49	0.03606217768696749
19	50	0.02362649459813402
19	51	0.006281942350099317
19	52	0.015867490477303813
19	53	0.016288709618417684
19	54	0.020460922648353426
19	55	0.04794127243080904
19	56	0.0457340500062797
19	57	0.01623117775511024
19	58	0.017974523187645933
19	59	0.01680025323077987
19	60	0.018772443086263094
19	61	0.017154314173544384
19	62	0.017422861422486762
19	63	0.01103553797812797
19	64	0.013797893106925871
19	65	0.024550383378211756
19	66	0.013142435774581717
19	67	0.020681373833890366
19	68	0.020631044188061012
19	69	0.012481879827382142
19	70	0.003438757173192393
19	71	0.006149938116270981
19	72	0.020752173949124642
19	73	0.03150855496993087
19	74	0.028024677052720975
19	75	0.014918405139663218
19	76	0.03449801109730122
20	1	0.017566665955703185
20	2	0.007395206673174972
20	3	0.025411564422873324
20	4	0.0075903284390993605
20	5	0.04775112574529755
20	6	0.021197399176019996
20	7	0.02069339228977304
20	8	0.026499924392298906
20	9	0.02869016171322427
20	10	0.03703943216307086
20	11	0.03627261906335849
20	12	0.05565501841049587
20	13	0.06395930485504268
20	14	0.07379224020978223
20	15	0.05683275235191183
20	16	0.05491414576458351
20	17	0.17262441878380866
20	18	0.15434050976927746
20	19	0.24325691841120123
20	20	1.0
20	21	0.2777162360142567
20	22	0.08352993818931323
20	23	0.0352392682292945
20	24	0.02838704213476112
20	25	0.047778755903303806
20	26	0.0575204754131958
20	27	0.058095114764193115
20	28	0.10613681660885073
20	29	0.09333019291769501
20	30	0.10074467207149763
20	31	0.052839081237868256
20	32	0.0639847542205225
20	33	0.04771750061336429
20	34	0.017090279034955278
20	35	0.026670215321774392
20	36	0.017156466405218132
20	37	0.04748443274304705
20	38	0.0502830715355175
20	39	0.035778609920013145
20	40	0.05246164770665815
20	41	0.0377917216631246
20	42	0.0389367037122788
20	43	0.08492217784267507
20	44	0.038244084702479475
20	45	0.038301637252672535
20	46	0.024909543693244846
20	47	0.051879762498045136
20	48	0.024713924861537187
20	49	0.023006336217312965
20	50	0.014577581894736695
20	51	0.006065498021134783
20	52	0.015320770948932154
20	53	0.009331227745791105
20	54	0.023076393296763226
20	55	0.04937540662535371
20	56	0.028387461153732592
20	57	0.02096086329034022
20	58	0.017846439046512706
20	59	0.007022971716391462
20	60	0.00802151931393457
20	61	0.022929904938504938
20	62	0.00720966635881856
20	63	0.019360729153609053
20	64	0.04149771288693216
20	65	0.018105941972912255
20	66	0.016117443002232508
20	67	0.011847629600807475
20	68	0.01772819719503425
20	69	0.01807772039391939
20	70	0.0275791989447966
20	71	0.012016214572842002
20	72	0.031206497408168662
20	73	0.019360039145115804
20	74	0.028095112261341624
20	75	0.01495590185441786
20	76	0.05187707554079844
21	1	0.012394866297444613
21	2	0.004870119162551368
21	3	0.021577916060821895
21	4	0.03499031432883638
21	5	0.0082691326577576
21	6	0.01308709063088576
21	7	0.012775921564668252
21	8	0.026177316881516137
21	9	0.028167736975421333
21	10	0.03154093340567835
21	11	0.049181229185663915
21	12	0.08909667971553556
21	13	0.05946416090168836
21	14	0.0728939022210276
21	15	0.08444381859933651
21	16	0.08327673847107997
21	17	0.14772733896095183
21	18	0.14229747847330645
21	19	0.19286201520619656
21	20	0.2777162360142567
21	21	1.0
21	22	0.13840899273904086
21	23	0.032634627735362805
21	24	0.05348872471226582
21	25	0.07787217040802784
21	26	0.06710505218916443
21	27	0.09556028166000702
21	28	0.09102411735827864
21	29	0.051446543529133186
21	30	0.10545200205641887
21	31	0.05997799429441156
21	32	0.06320581109676006
21	33	0.04113292387229963
21	34	0.03858794243490076
21	35	0.031135631805072603
21	36	0.044895271748507784
21	37	0.03508458528291569
21	38	0.04139244319379697
21	39	0.07269779721869887
21	40	0.058143110573300474
21	41	0.014543217599338375
